['pull request review time', 'num review comments', 'num issue comments', 'num approved reviewers', 'num commits', 'num line changes', 'check run passed', 'check run failed', 'num new files', 'num files', 'num reverted files', 'has reverted files', 'reverted files percentage']
['author count', 'pull request id count', 'pull request review time total', 'pull request review time avg', 'reverted pull request id count', 'pull request revert time avg', 'pull request revert time total', 'num review comments total', 'num review comments avg', 'num issue comments total', 'num issue comments avg', 'num approved reviewers total', 'num approved reviewers avg', 'num commits total', 'num commits avg', 'num line changes total', 'num line changes avg', 'check run results passed avg', 'check run results failed avg', 'check run results passed count', 'check run results failed count', 'files changes avg additions', 'files changes avg deletions', 'files changes avg changes', 'files changes total additions', 'files changes total deletions', 'files changes total changes', 'review comments msg avg count', 'reverted pull request percentage']
[[163778.0, 2, 0, 1, 3, 32, 0, 0, 1, 2, 0, 0, 0.0], [[1, 1, 596374.0, 596374.0, 0, 0.0, 0, 12.0, 12.0, 0.0, 0.0, 1.0, 1.0, 8.0, 8.0, 218.0, 218.0, 0.0, 0.0, 0, 0, 0.0, 0.0, 0.0, 0, 0, 0, 0.0, 0.0]], False]
[[200074.0, 20, 0, 2, 1, 331, 0, 0, 2, 9, 0, 0, 0.0], [[1, 2, 1057661.0, 528830.5, 0, 0.0, 0, 53.0, 26.5, 0.0, 0.0, 3.0, 1.5, 17.0, 8.5, 604.0, 302.0, 0.0, 0.0, 0, 0, 0.0, 0.0, 0.0, 0, 0, 0, 0.0, 0.0], [1, 3, 1326664.0, 442221.33333333326, 0, 0.0, 0, 68.0, 22.66666666666667, 0.0, 0.0, 5.0, 1.6666666666666667, 18.0, 6.0, 776.0, 258.6666666666667, 0.0, 0.0, 0, 0, 11.0, 0.5, 11.5, 22, 1, 23, 0.014354066985645932, 0.0], [2, 4, 1379007.0, 344751.75, 0, 0.0, 0, 68.0, 17.0, 0.0, 0.0, 5.0, 1.25, 19.0, 4.75, 822.0, 205.5, 0.0, 0.0, 0, 0, 8.5, 7.5, 16.0, 17, 15, 32, 0.014354066985645932, 0.0], [1, 2, 730290.0, 365145.0, 0, 0.0, 0, 56.0, 28.0, 0.0, 0.0, 4.0, 2.0, 10.0, 5.0, 558.0, 279.0, 0.0, 0.0, 0, 0, 8.5, 6.0, 14.5, 17, 12, 29, 0.009569377990430622, 0.0], [1, 1, 461287.0, 461287.0, 0, 0.0, 0, 41.0, 41.0, 0.0, 0.0, 2.0, 2.0, 9.0, 9.0, 386.0, 386.0, 0.0, 0.0, 0, 0, 199.0, 0.0, 199.0, 199, 0, 199, 0.04784688995215311, 0.0], [1, 2, 865377.0, 432688.5, 0, 0.0, 0, 27.0, 13.5, 0.0, 0.0, 3.0, 1.5, 9.0, 4.5, 390.0, 195.0, 0.0, 0.0, 0, 0, 30.0, 0.0, 30.0, 30, 0, 30, 0.004784688995215311, 0.0], [1, 1, 461287.0, 461287.0, 0, 0.0, 0, 41.0, 41.0, 0.0, 0.0, 2.0, 2.0, 9.0, 9.0, 386.0, 386.0, 0.0, 0.0, 0, 0, 170.0, 0.0, 170.0, 170, 0, 170, 0.014354066985645932, 0.0]], False]
[[3524.0, 0, 0, 0, 1, 2, 0, 0, 0, 1, 0, 0, 0.0], [[2, 2, 1372099.0, 686049.5, 0, 0.0, 0, 12.0, 6.0, 0.0, 0.0, 1.0, 0.5, 13.0, 6.5, 253.0, 126.5, 0.0, 0.0, 0, 0, 5.0, 1.0, 6.0, 5, 1, 6, 0.0, 0.0]], False]
[[461287.0, 41, 0, 2, 9, 386, 0, 0, 2, 5, 0, 0, 0.0], [[1, 2, 865377.0, 432688.5, 0, 0.0, 0, 27.0, 13.5, 0.0, 0.0, 3.0, 1.5, 9.0, 4.5, 390.0, 195.0, 0.0, 0.0, 0, 0, 20.0, 0.0, 20.0, 20, 0, 20, 0.02083333333333333, 0.0], [1, 2, 865377.0, 432688.5, 0, 0.0, 0, 27.0, 13.5, 0.0, 0.0, 3.0, 1.5, 9.0, 4.5, 390.0, 195.0, 0.0, 0.0, 0, 0, 49.0, 1.0, 50.0, 49, 1, 50, 0.027777777777777776, 0.0], [1, 1, 269003.0, 269003.0, 0, 0.0, 0, 15.0, 15.0, 0.0, 0.0, 2.0, 2.0, 1.0, 1.0, 172.0, 172.0, 0.0, 0.0, 0, 0, 8.0, 12.0, 20.0, 8, 12, 20, 0.0, 0.0]], False]
[[52343.0, 0, 0, 0, 1, 46, 0, 0, 1, 2, 0, 0, 0.0], [[1, 2, 865377.0, 432688.5, 0, 0.0, 0, 27.0, 13.5, 0.0, 0.0, 3.0, 1.5, 9.0, 4.5, 390.0, 195.0, 0.0, 0.0, 0, 0, 10.0, 8.0, 18.0, 10, 8, 18, 0.02158273381294964, 0.0]], False]
[[6937.0, 0, 0, 0, 1, 5, 0, 0, 3, 3, 0, 0, 0.0], [], False]
[[1252600.0, 0, 3, 0, 5, 12, 0, 0, 4, 4, 0, 0, 0.0], [], False]
[[775725.0, 0, 0, 0, 5, 35, 0, 0, 0, 3, 0, 0, 0.0], [[1, 1, 596374.0, 596374.0, 0, 0.0, 0, 12.0, 12.0, 0.0, 0.0, 1.0, 1.0, 8.0, 8.0, 218.0, 218.0, 0.0, 0.0, 0, 0, 0.0, 0.0, 0.0, 0, 0, 0, 0.0, 0.0], [1, 1, 596374.0, 596374.0, 0, 0.0, 0, 12.0, 12.0, 0.0, 0.0, 1.0, 1.0, 8.0, 8.0, 218.0, 218.0, 0.0, 0.0, 0, 0, 0.0, 0.0, 0.0, 0, 0, 0, 0.0, 0.0], [1, 1, 596374.0, 596374.0, 0, 0.0, 0, 12.0, 12.0, 0.0, 0.0, 1.0, 1.0, 8.0, 8.0, 218.0, 218.0, 0.0, 0.0, 0, 0, 0.0, 0.0, 0.0, 0, 0, 0, 0.0, 0.0]], False]
[[596374.0, 12, 0, 1, 8, 218, 0, 0, 8, 9, 0, 0, 0.0], [[1, 1, 269003.0, 269003.0, 0, 0.0, 0, 15.0, 15.0, 0.0, 0.0, 2.0, 2.0, 1.0, 1.0, 172.0, 172.0, 0.0, 0.0, 0, 0, 3.0, 3.0, 6.0, 3, 3, 6, 0.0, 0.0]], False]
[[15859.0, 0, 0, 0, 1, 8, 0, 0, 3, 3, 0, 0, 0.0], [], False]
[[269003.0, 15, 0, 2, 1, 172, 0, 0, 8, 9, 0, 0, 0.0], [[1, 1, 2853009.0, 2853009.0, 0, 0.0, 0, 16.0, 16.0, 4.0, 4.0, 1.0, 1.0, 7.0, 7.0, 86.0, 86.0, 0.0, 0.0, 0, 0, 0.0, 0.0, 0.0, 0, 0, 0, 0.0, 0.0]], False]
[[233771.0, 0, 1, 0, 1, 3, 0, 0, 1, 1, 0, 0, 0.0], [], False]
[[258550.0, 0, 1, 0, 1, 2, 0, 0, 1, 1, 0, 0, 0.0], [], False]
[[5064.0, 0, 0, 0, 1, 2, 0, 0, 0, 1, 0, 0, 0.0], [[1, 1, 544970.0, 544970.0, 0, 0.0, 0, 0.0, 0.0, 7.0, 7.0, 0.0, 0.0, 1.0, 1.0, 15.0, 15.0, 0.0, 0.0, 0, 0, 3.0, 0.0, 3.0, 3, 0, 3, 0.0, 0.0]], False]
[[544970.0, 0, 7, 0, 1, 15, 0, 0, 3, 5, 0, 0, 0.0], [[1, 1, 11278.0, 11278.0, 0, 0.0, 0.0, 0.0, 0.0, 1.0, 1.0, 0.0, 0.0, 1.0, 1.0, 2.0, 2.0, 0.0, 0.0, 0, 0, 1.0, 1.0, 2.0, 1, 1, 2, 0.0, 0.0], [1, 1, 245705.0, 245705.0, 0, 0.0, 0.0, 2.0, 2.0, 8.0, 8.0, 0.0, 0.0, 1.0, 1.0, 27.0, 27.0, 0.0, 0.0, 0, 0, 27.0, 0.0, 27.0, 27, 0, 27, 0.02247191011235955, 0.0]], False]
[[1177.0, 0, 7, 0, 1, 2, 0, 0, 1, 1, 0, 0, 0.0], [], False]
[[70540.0, 0, 2, 0, 1, 1, 0, 0, 0, 1, 1, 1, 1.0], [[4, 14, 5835429.0, 416816.35714285716, 1, 2577775.0, 2577775.0, 66.0, 4.714285714285714, 61.0, 4.357142857142857, 0.0, 0.0, 15.0, 1.0714285714285714, 2304.0, 164.57142857142858, 0.0, 0.0, 0, 0, 21.214285714285715, 12.571428571428573, 33.785714285714285, 297, 176, 473, 0.14285714285714285, 0.07142857142857142]], False]
[[158076.0, 0, 3, 0, 1, 3, 0, 0, 0, 2, 2, 1, 1.0], [[4, 14, 5835429.0, 416816.35714285716, 1, 2577775.0, 2577775.0, 66.0, 4.714285714285714, 61.0, 4.357142857142857, 0.0, 0.0, 15.0, 1.0714285714285714, 2304.0, 164.57142857142858, 0.0, 0.0, 0, 0, 21.214285714285715, 12.571428571428573, 33.785714285714285, 297, 176, 473, 0.14285714285714285, 0.07142857142857142], [3, 19, 16612826.0, 874359.2631578947, 1, 2577775.0, 2577775.0, 60.0, 3.1578947368421053, 70.0, 3.684210526315789, 0.0, 0.0, 23.0, 1.2105263157894737, 2530.0, 133.1578947368421, 0.0, 0.0, 0, 0, 32.05263157894737, 20.789473684210527, 52.842105263157904, 609, 395, 1004, 0.10476190476190476, 0.05263157894736842]], False]
[[383.0, 0, 1, 0, 1, 2, 0, 0, 0, 1, 1, 1, 1.0], [[2, 2, 236285.0, 118142.5, 1, 348061.0, 348061.0, 0.0, 0.0, 4.0, 2.0, 0.0, 0.0, 3.0, 1.5, 136.0, 68.0, 0.0, 0.0, 0, 0, 11.5, 11.5, 23.0, 23, 23, 46, 0.0, 0.5]], False]
[[86034.0, 7, 8, 0, 1, 36, 0, 0, 1, 1, 0, 0, 0.0], [], False]
[[225.0, 0, 0, 0, 1, 6, 0, 0, 2, 3, 0, 0, 0.0], [[2, 3, 1230617.0, 410205.66666666674, 0, 0.0, 0.0, 0.0, 0.0, 9.0, 3.0, 0.0, 0.0, 4.0, 1.3333333333333333, 93.0, 31.0, 0.0, 0.0, 0, 0, 9.666666666666666, 6.0, 15.666666666666664, 29, 18, 47, 0.0, 0.0]], False]
[[9596.0, 0, 0, 0, 1, 3, 0, 0, 0, 1, 0, 0, 0.0], [[2, 2, 1221021.0, 610510.5, 0, 0.0, 0.0, 0.0, 0.0, 9.0, 4.5, 0.0, 0.0, 3.0, 1.5, 90.0, 45.0, 0.0, 0.0, 0, 0, 13.5, 8.5, 22.0, 27, 17, 44, 0.0, 0.0]], False]
[[54470.0, 0, 0, 0, 1, 3, 0, 0, 0, 1, 1, 1, 1.0], [[3, 18, 16558356.0, 919908.6666666665, 1, 2577775.0, 2577775.0, 60.0, 3.333333333333333, 70.0, 3.888888888888889, 0.0, 0.0, 22.0, 1.2222222222222223, 2527.0, 140.38888888888889, 0.0, 0.0, 0, 0, 33.72222222222222, 21.88888888888889, 55.611111111111114, 607, 394, 1001, 0.09401709401709403, 0.05555555555555555]], False]
[[1404.0, 0, 1, 0, 1, 2, 0, 0, 1, 1, 0, 0, 0.0], [], False]
[[63555.0, 0, 3, 0, 1, 20, 0, 0, 2, 3, 0, 0, 0.0], [[1, 1, 916.0, 916.0, 0, 0.0, 0.0, 0.0, 0.0, 1.0, 1.0, 0.0, 0.0, 1.0, 1.0, 2.0, 2.0, 0.0, 0.0, 0, 0, 1.0, 1.0, 2.0, 1, 1, 2, 0.0, 0.0]], False]
[[6905.0, 0, 0, 0, 1, 9, 0, 0, 1, 1, 0, 0, 0.0], [], False]
[[85453.0, 0, 2, 0, 1, 49, 0, 0, 1, 1, 0, 0, 0.0], [], False]
[[303.0, 0, 0, 0, 1, 21, 0, 0, 0, 1, 0, 0, 0.0], [[1, 1, 9821.0, 9821.0, 0, 0.0, 0.0, 0.0, 0.0, 2.0, 2.0, 0.0, 0.0, 1.0, 1.0, 48.0, 48.0, 0.0, 0.0, 0, 0, 1.0, 1.0, 2.0, 1, 1, 2, 0.0, 0.0]], False]
[[119.0, 0, 1, 0, 1, 9, 0, 0, 1, 1, 0, 0, 0.0], [], False]
[[7128.0, 4, 9, 0, 1, 7, 0, 0, 1, 1, 0, 0, 0.0], [], False]
[[61297.0, 0, 0, 0, 1, 7, 0, 0, 1, 1, 0, 0, 0.0], [], False]
[[40328.0, 5, 1, 0, 1, 49, 0, 0, 0, 2, 0, 0, 0.0], [[1, 3, 1810467.0, 603489.0, 0, 0.0, 0.0, 14.0, 4.666666666666667, 8.0, 2.6666666666666665, 0.0, 0.0, 7.0, 2.333333333333333, 158.0, 52.66666666666666, 0.0, 0.0, 0, 0, 17.333333333333332, 5.666666666666668, 23.0, 52, 17, 69, 0.06542056074766353, 0.0], [1, 3, 1810467.0, 603489.0, 0, 0.0, 0.0, 14.0, 4.666666666666667, 8.0, 2.6666666666666665, 0.0, 0.0, 7.0, 2.333333333333333, 158.0, 52.66666666666666, 0.0, 0.0, 0, 0, 29.66666666666667, 0.0, 29.66666666666667, 89, 0, 89, 0.06542056074766353, 0.0]], False]
[[107358.0, 2, 1, 0, 1, 22, 0, 0, 0, 2, 2, 1, 1.0], [[5, 14, 6208107.0, 443436.2142857143, 1, 2577775.0, 2577775.0, 73.0, 5.214285714285714, 63.0, 4.5, 0.0, 0.0, 16.0, 1.1428571428571428, 2293.0, 163.78571428571428, 0.0, 0.0, 0, 0, 20.571428571428573, 12.714285714285715, 33.285714285714285, 288, 178, 466, 0.20560747663551399, 0.07142857142857142], [3, 15, 7132040.0, 475469.33333333326, 1, 2577775.0, 2577775.0, 51.0, 3.4, 55.0, 3.6666666666666665, 0.0, 0.0, 19.0, 1.2666666666666666, 2328.0, 155.2, 0.0, 0.0, 0, 0, 36.8, 26.2, 63.0, 552, 393, 945, 0.10280373831775699, 0.06666666666666667]], False]
[[245705.0, 2, 8, 0, 1, 27, 0, 0, 1, 1, 0, 0, 0.0], [], False]
[[392211.0, 13, 8, 0, 1, 22, 0, 0, 1, 3, 2, 1, 0.6666666666666666], [[3, 3, 2569493.0, 856497.6666666665, 1, 2577775.0, 2577775.0, 29.0, 9.666666666666666, 18.0, 6.0, 0.0, 0.0, 4.0, 1.3333333333333333, 1502.0, 500.66666666666674, 0.0, 0.0, 0, 0, 26.33333333333333, 26.33333333333333, 52.66666666666666, 79, 79, 158, 0.0, 0.3333333333333333], [4, 6, 3442575.0, 573762.5, 2, 1363777.0, 2727554.0, 37.0, 6.166666666666668, 27.0, 4.5, 0.0, 0.0, 7.0, 1.1666666666666667, 1587.0, 264.5, 0.0, 0.0, 0, 0, 12.333333333333336, 6.833333333333332, 19.166666666666668, 74, 41, 115, 0.018867924528301886, 0.3333333333333333]], False]
[[481439.0, 0, 1, 0, 1, 69, 0, 0, 1, 1, 0, 0, 0.0], [], False]
[[485379.0, 0, 0, 0, 1, 6, 0, 0, 0, 1, 1, 1, 1.0], [[7, 10, 3634373.0, 363437.3, 1, 1201264.0, 1201264.0, 1.0, 0.1, 30.0, 3.0, 0.0, 0.0, 11.0, 1.1, 121.0, 12.1, 0.0, 0.0, 0, 0, 10.0, 0.9, 10.9, 100, 9, 109, 0.009345794392523364, 0.1]], False]
[[24430.0, 2, 1, 0, 1, 37, 0, 0, 1, 1, 0, 0, 0.0], [], False]
[[165.0, 1, 0, 0, 1, 15, 0, 0, 0, 1, 0, 0, 0.0], [[1, 1, 11048.0, 11048.0, 0, 0.0, 0.0, 0.0, 0.0, 1.0, 1.0, 0.0, 0.0, 1.0, 1.0, 35.0, 35.0, 0.0, 0.0, 0, 0, 12.0, 0.0, 12.0, 12, 0, 12, 0.0, 0.0]], False]
[[6080.0, 0, 1, 0, 1, 4, 0, 0, 1, 1, 0, 0, 0.0], [], False]
[[5841.0, 0, 0, 0, 1, 84, 0, 0, 2, 2, 0, 0, 0.0], [], False]
[[8796.0, 0, 2, 0, 1, 8, 0, 0, 0, 1, 0, 0, 0.0], [[2, 4, 848122.0, 212030.5, 0, 0.0, 0.0, 9.0, 2.25, 9.0, 2.25, 0.0, 0.0, 5.0, 1.25, 251.0, 62.75, 0.0, 0.0, 0, 0, 61.75, 1.0, 62.75, 247, 4, 251, 0.08571428571428573, 0.0]], False]
[[48083.0, 0, 0, 0, 1, 9, 0, 0, 1, 1, 0, 0, 0.0], [], False]
[[750637.0, 2, 1, 0, 1, 110, 0, 0, 1, 3, 0, 0, 0.0], [[1, 1, 5841.0, 5841.0, 0, 0.0, 0.0, 0.0, 0.0, 0.0, 0.0, 0.0, 0.0, 1.0, 1.0, 84.0, 84.0, 0.0, 0.0, 0, 0, 39.0, 39.0, 78.0, 39, 39, 78, 0.0, 0.0], [1, 1, 5841.0, 5841.0, 0, 0.0, 0.0, 0.0, 0.0, 0.0, 0.0, 0.0, 0.0, 1.0, 1.0, 84.0, 84.0, 0.0, 0.0, 0, 0, 3.0, 3.0, 6.0, 3, 3, 6, 0.0, 0.0]], False]
[[65996.0, 0, 1, 0, 1, 14, 0, 0, 0, 1, 0, 0, 0.0], [[1, 1, 611114.0, 611114.0, 0, 0.0, 0.0, 3.0, 3.0, 6.0, 6.0, 0.0, 0.0, 3.0, 3.0, 11.0, 11.0, 0.0, 0.0, 0, 0, 4.0, 0.0, 4.0, 4, 0, 4, 0.0, 0.0]], False]
[[147706.0, 0, 2, 0, 1, 16, 0, 0, 2, 2, 0, 0, 0.0], [], True]
[[6.0, 0, 0, 0, 1, 16, 0, 0, 2, 2, 0, 0, 0.0], [], False]
[[606.0, 0, 0, 0, 1, 1, 0, 0, 0, 1, 0, 0, 0.0], [[1, 1, 6522.0, 6522.0, 0, 0.0, 0.0, 0.0, 0.0, 4.0, 4.0, 0.0, 0.0, 1.0, 1.0, 55.0, 55.0, 0.0, 0.0, 0, 0, 1.0, 1.0, 2.0, 1, 1, 2, 0.0, 0.0]], False]
[[11199.0, 0, 3, 0, 1, 6, 0, 0, 0, 1, 1, 1, 1.0], [[3, 15, 8507098.0, 567139.8666666667, 1, 2577775.0, 2577775.0, 72.0, 4.8, 62.0, 4.133333333333334, 0.0, 0.0, 19.0, 1.2666666666666666, 2920.0, 194.66666666666663, 0.0, 0.0, 0, 0, 36.86666666666667, 26.4, 63.26666666666666, 553, 396, 949, 0.05759162303664921, 0.06666666666666667]], False]
[[393371.0, 0, 2, 0, 1, 43, 0, 0, 2, 2, 0, 0, 0.0], [], False]
[[430243.0, 0, 0, 0, 1, 2, 0, 0, 0, 1, 1, 1, 1.0], [[3, 16, 8518297.0, 532393.5625, 1, 2577775.0, 2577775.0, 72.0, 4.5, 65.0, 4.0625, 0.0, 0.0, 20.0, 1.25, 2926.0, 182.875, 0.0, 0.0, 0, 0, 34.8125, 24.875, 59.6875, 557, 398, 955, 0.05759162303664921, 0.0625]], False]
[[745222.0, 4, 4, 0, 1, 34, 0, 0, 0, 2, 0, 0, 0.0], [[1, 1, 9821.0, 9821.0, 0, 0.0, 0.0, 0.0, 0.0, 2.0, 2.0, 0.0, 0.0, 1.0, 1.0, 48.0, 48.0, 0.0, 0.0, 0, 0, 4.0, 4.0, 8.0, 4, 4, 8, 0.0, 0.0], [2, 3, 2541746.0, 847248.6666666665, 0, 0.0, 0.0, 11.0, 3.6666666666666665, 10.0, 3.333333333333333, 0.0, 0.0, 7.0, 2.333333333333333, 229.0, 76.33333333333333, 0.0, 0.0, 0, 0, 28.33333333333333, 0.0, 28.33333333333333, 85, 0, 85, 0.06363636363636363, 0.0]], False]
[[29520.0, 0, 0, 0, 1, 25, 0, 0, 0, 1, 1, 1, 1.0], [[3, 14, 8477578.0, 605541.2857142857, 1, 2577775.0, 2577775.0, 72.0, 5.142857142857143, 62.0, 4.428571428571429, 0.0, 0.0, 18.0, 1.2857142857142858, 2895.0, 206.78571428571428, 0.0, 0.0, 0, 0, 37.785714285714285, 28.214285714285715, 66.0, 529, 395, 924, 0.05759162303664921, 0.07142857142857142]], False]
[[6522.0, 0, 4, 0, 1, 55, 0, 0, 1, 3, 1, 1, 0.3333333333333333], [[3, 3, 250965.0, 83655.0, 0, 0.0, 0.0, 0.0, 0.0, 2.0, 0.6666666666666666, 0.0, 0.0, 3.0, 1.0, 10.0, 3.333333333333333, 0.0, 0.0, 0, 0, 1.6666666666666667, 1.6666666666666667, 3.333333333333333, 5, 5, 10, 0.0, 0.0], [3, 12, 8376011.0, 698000.9166666665, 1, 2577775.0, 2577775.0, 72.0, 6.0, 42.0, 3.5, 0.0, 0.0, 16.0, 1.3333333333333333, 2767.0, 230.58333333333331, 0.0, 0.0, 0, 0, 40.5, 28.66666666666667, 69.16666666666667, 486, 344, 830, 0.05789473684210526, 0.08333333333333333]], False]
[[2688082.0, 1, 10, 0, 2, 5, 0, 0, 1, 1, 0, 0, 0.0], [], True]
[[252.0, 0, 1, 0, 1, 5, 0, 0, 1, 1, 0, 0, 0.0], [], False]
[[95045.0, 0, 16, 0, 1, 73, 0, 0, 0, 2, 2, 1, 1.0], [[5, 15, 7929562.0, 528637.4666666667, 1, 2577775.0, 2577775.0, 94.0, 6.2666666666666675, 57.0, 3.8, 0.0, 0.0, 17.0, 1.1333333333333333, 2820.0, 188.0, 0.0, 0.0, 0, 0, 30.73333333333333, 23.266666666666666, 54.0, 461, 349, 810, 0.15263157894736842, 0.06666666666666667], [3, 12, 8376011.0, 698000.9166666665, 1, 2577775.0, 2577775.0, 72.0, 6.0, 42.0, 3.5, 0.0, 0.0, 16.0, 1.3333333333333333, 2767.0, 230.58333333333331, 0.0, 0.0, 0, 0, 40.5, 28.66666666666667, 69.16666666666667, 486, 344, 830, 0.05789473684210526, 0.08333333333333333]], False]
[[9553.0, 0, 1, 0, 1, 9, 0, 0, 0, 1, 1, 1, 1.0], [[6, 9, 4321887.0, 480209.66666666674, 1, 1201264.0, 1201264.0, 22.0, 2.4444444444444446, 31.0, 3.4444444444444446, 0.0, 0.0, 10.0, 1.1111111111111112, 362.0, 40.22222222222222, 0.0, 0.0, 0, 0, 4.5555555555555545, 1.0, 5.5555555555555545, 41, 9, 50, 0.005291005291005291, 0.1111111111111111]], False]
[[1685867.0, 7, 11, 0, 1, 140, 0, 0, 1, 6, 3, 1, 0.5], [[4, 4, 2961704.0, 740426.0, 1, 2577775.0, 2577775.0, 42.0, 10.5, 26.0, 6.5, 0.0, 0.0, 5.0, 1.25, 1524.0, 381.0, 0.0, 0.0, 0, 0, 20.5, 20.0, 40.5, 82, 80, 162, 0.026785714285714284, 0.25], [1, 2, 1467556.0, 733778.0, 0, 0.0, 0.0, 9.0, 4.5, 6.0, 3.0, 0.0, 0.0, 5.0, 2.5, 276.0, 138.0, 0.0, 0.0, 0, 0, 56.5, 22.5, 79.0, 113, 45, 158, 0.08035714285714286, 0.0], [3, 16, 7239398.0, 452462.375, 1, 2577775.0, 2577775.0, 53.0, 3.3125, 56.0, 3.5, 0.0, 0.0, 20.0, 1.25, 2350.0, 146.875, 0.0, 0.0, 0, 0, 34.6875, 24.625, 59.3125, 555, 394, 949, 0.09821428571428573, 0.0625], [3, 4, 2700077.0, 675019.25, 1, 2577775.0, 2577775.0, 34.0, 8.5, 25.0, 6.25, 0.0, 0.0, 5.0, 1.25, 1552.0, 388.0, 0.0, 0.0, 0, 0, 23.0, 14.75, 37.75, 92, 59, 151, 0.026785714285714284, 0.25], [2, 2, 1542157.0, 771078.5, 0, 0.0, 0.0, 14.0, 7.0, 10.0, 5.0, 0.0, 0.0, 5.0, 2.5, 203.0, 101.5, 0.0, 0.0, 0, 0, 27.5, 3.5, 31.0, 55, 7, 62, 0.04464285714285714, 0.0]], False]
[[15886.0, 0, 1, 0, 1, 2, 0, 0, 0, 1, 0, 0, 0.0], [[2, 2, 235079.0, 117539.5, 0, 0.0, 0.0, 0.0, 0.0, 1.0, 0.5, 0.0, 0.0, 2.0, 1.0, 8.0, 4.0, 0.0, 0.0, 0, 0, 2.0, 2.0, 4.0, 4, 4, 8, 0.0, 0.0]], False]
[[36336.0, 0, 0, 0, 1, 128, 0, 0, 0, 1, 1, 1, 1.0], [[3, 9, 7381452.0, 820161.3333333335, 1, 2577775.0, 2577775.0, 66.0, 7.333333333333332, 38.0, 4.222222222222221, 0.0, 0.0, 13.0, 1.4444444444444444, 2565.0, 285.0, 0.0, 0.0, 0, 0, 44.66666666666666, 29.555555555555557, 74.22222222222223, 402, 266, 668, 0.037037037037037035, 0.1111111111111111]], False]
[[53427.0, 4, 0, 0, 1, 68, 0, 0, 0, 3, 3, 1, 1.0], [[3, 10, 6226706.0, 622670.6, 1, 2577775.0, 2577775.0, 74.0, 7.4, 47.0, 4.7, 0.0, 0.0, 11.0, 1.1, 2577.0, 257.7, 0.0, 0.0, 0, 0, 36.9, 12.1, 49.0, 369, 121, 490, 0.1111111111111111, 0.1], [5, 14, 7876135.0, 562581.0714285715, 1, 2577775.0, 2577775.0, 90.0, 6.428571428571429, 57.0, 4.071428571428571, 0.0, 0.0, 16.0, 1.1428571428571428, 2752.0, 196.57142857142856, 0.0, 0.0, 0, 0, 31.357142857142854, 24.357142857142854, 55.714285714285715, 439, 341, 780, 0.14285714285714285, 0.07142857142857142], [3, 9, 7381452.0, 820161.3333333335, 1, 2577775.0, 2577775.0, 66.0, 7.333333333333332, 38.0, 4.222222222222221, 0.0, 0.0, 13.0, 1.4444444444444444, 2565.0, 285.0, 0.0, 0.0, 0, 0, 44.66666666666666, 29.555555555555557, 74.22222222222223, 402, 266, 668, 0.037037037037037035, 0.1111111111111111]], False]
[[1119165.0, 0, 7, 0, 1, 50, 0, 0, 0, 1, 1, 1, 1.0], [[7, 9, 2515208.0, 279467.55555555556, 1, 1201264.0, 1201264.0, 1.0, 0.1111111111111111, 23.0, 2.555555555555556, 0.0, 0.0, 10.0, 1.1111111111111112, 71.0, 7.888888888888888, 0.0, 0.0, 0, 0, 5.5555555555555545, 1.0, 6.5555555555555545, 50, 9, 59, 0.00909090909090909, 0.1111111111111111]], False]
[[4312.0, 0, 1, 0, 1, 4, 0, 0, 0, 1, 0, 0, 0.0], [[1, 1, 230767.0, 230767.0, 0, 0.0, 0.0, 0.0, 0.0, 0.0, 0.0, 0.0, 0.0, 1.0, 1.0, 4.0, 4.0, 0.0, 0.0, 0, 0, 2.0, 2.0, 4.0, 2, 2, 4, 0.0, 0.0]], False]
[[49224.0, 0, 1, 0, 1, 6, 0, 0, 0, 1, 1, 1, 1.0], [[6, 8, 4272663.0, 534082.875, 1, 1201264.0, 1201264.0, 22.0, 2.75, 30.0, 3.75, 0.0, 0.0, 9.0, 1.125, 356.0, 44.5, 0.0, 0.0, 0, 0, 4.375, 1.125, 5.5, 35, 9, 44, 0.005291005291005291, 0.125]], False]
[[97805.0, 0, 12, 0, 1, 6, 0, 0, 0, 1, 0, 0, 0.0], [[1, 1, 1816232.0, 1816232.0, 0, 0.0, 0.0, 21.0, 21.0, 9.0, 9.0, 0.0, 0.0, 1.0, 1.0, 300.0, 300.0, 0.0, 0.0, 0, 0, 0.0, 0.0, 0.0, 0, 0, 0, 0.0, 0.0]], False]
[[11048.0, 0, 1, 0, 1, 35, 0, 0, 3, 3, 0, 0, 0.0], [], False]
[[50733.0, 0, 0, 0, 1, 2, 0, 0, 1, 1, 0, 0, 0.0], [], False]
[[575.0, 0, 0, 0, 1, 2, 0, 0, 0, 1, 0, 0, 0.0], [[2, 2, 22300.0, 11150.0, 0, 0.0, 0.0, 0.0, 0.0, 1.0, 0.5, 0.0, 0.0, 2.0, 1.0, 4.0, 2.0, 0.0, 0.0, 0, 0, 1.0, 1.0, 2.0, 2, 2, 4, 0.0, 0.0]], False]
[[801687.0, 0, 1, 0, 1, 3, 0, 0, 0, 1, 0, 0, 0.0], [[1, 1, 1816232.0, 1816232.0, 0, 0.0, 0.0, 21.0, 21.0, 9.0, 9.0, 0.0, 0.0, 1.0, 1.0, 300.0, 300.0, 0.0, 0.0, 0, 0, 0.0, 0.0, 0.0, 0, 0, 0, 0.0, 0.0]], False]
[[2559418.0, 29, 16, 0, 2, 727, 0, 0, 4, 11, 1, 1, 0.09090909090909091], [[3, 8, 3667034.0, 458379.25, 0, 0.0, 0.0, 45.0, 5.625, 31.0, 3.875, 0.0, 0.0, 8.0, 1.0, 1123.0, 140.375, 0.0, 0.0, 0, 0, 38.625, 7.625, 46.25, 309, 61, 370, 0.10778443113772457, 0.0], [5, 11, 4507209.0, 409746.2727272727, 0, 0.0, 0.0, 59.0, 5.363636363636363, 38.0, 3.4545454545454546, 0.0, 0.0, 12.0, 1.0909090909090908, 1208.0, 109.8181818181818, 0.0, 0.0, 0, 0, 26.09090909090909, 19.545454545454547, 45.63636363636363, 287, 215, 502, 0.1497005988023952, 0.0], [1, 1, 59026.0, 59026.0, 0, 0.0, 0.0, 0.0, 0.0, 6.0, 6.0, 0.0, 0.0, 1.0, 1.0, 166.0, 166.0, 0.0, 0.0, 0, 0, 13.0, 1.0, 14.0, 13, 1, 14, 0.0, 0.0], [4, 6, 2699403.0, 449900.5, 1, 149779.0, 149779.0, 29.0, 4.833333333333333, 21.0, 3.5, 0.0, 0.0, 6.0, 1.0, 733.0, 122.16666666666669, 0.0, 0.0, 0, 0, 12.666666666666664, 7.166666666666668, 19.83333333333333, 76, 43, 119, 0.0658682634730539, 0.16666666666666666], [2, 5, 4002705.0, 800541.0, 0, 0.0, 0.0, 35.0, 7.0, 17.0, 3.4, 0.0, 0.0, 8.0, 1.6, 973.0, 194.6, 0.0, 0.0, 0, 0, 21.8, 1.4, 23.2, 109, 7, 116, 0.0, 0.0], [1, 1, 59026.0, 59026.0, 0, 0.0, 0.0, 0.0, 0.0, 6.0, 6.0, 0.0, 0.0, 1.0, 1.0, 166.0, 166.0, 0.0, 0.0, 0, 0, 1.0, 1.0, 2.0, 1, 1, 2, 0.0, 0.0], [3, 4, 205128.0, 51282.0, 0, 0.0, 0.0, 8.0, 2.0, 19.0, 4.75, 0.0, 0.0, 4.0, 1.0, 320.0, 80.0, 0.0, 0.0, 0, 0, 18.25, 11.75, 30.0, 73, 47, 120, 0.011976047904191616, 0.0]], True]
[[254.0, 0, 0, 0, 1, 727, 0, 0, 4, 11, 1, 1, 0.09090909090909091], [[3, 8, 3667034.0, 458379.25, 0, 0.0, 0.0, 45.0, 5.625, 31.0, 3.875, 0.0, 0.0, 8.0, 1.0, 1123.0, 140.375, 0.0, 0.0, 0, 0, 38.625, 7.625, 46.25, 309, 61, 370, 0.10778443113772457, 0.0], [5, 11, 4507209.0, 409746.2727272727, 0, 0.0, 0.0, 59.0, 5.363636363636363, 38.0, 3.4545454545454546, 0.0, 0.0, 12.0, 1.0909090909090908, 1208.0, 109.8181818181818, 0.0, 0.0, 0, 0, 26.09090909090909, 19.545454545454547, 45.63636363636363, 287, 215, 502, 0.1497005988023952, 0.0], [1, 1, 59026.0, 59026.0, 0, 0.0, 0.0, 0.0, 0.0, 6.0, 6.0, 0.0, 0.0, 1.0, 1.0, 166.0, 166.0, 0.0, 0.0, 0, 0, 13.0, 1.0, 14.0, 13, 1, 14, 0.0, 0.0], [4, 6, 2699403.0, 449900.5, 1, 149779.0, 149779.0, 29.0, 4.833333333333333, 21.0, 3.5, 0.0, 0.0, 6.0, 1.0, 733.0, 122.16666666666669, 0.0, 0.0, 0, 0, 12.666666666666664, 7.166666666666668, 19.83333333333333, 76, 43, 119, 0.0658682634730539, 0.16666666666666666], [2, 5, 4002705.0, 800541.0, 0, 0.0, 0.0, 35.0, 7.0, 17.0, 3.4, 0.0, 0.0, 8.0, 1.6, 973.0, 194.6, 0.0, 0.0, 0, 0, 21.8, 1.4, 23.2, 109, 7, 116, 0.0, 0.0], [1, 1, 59026.0, 59026.0, 0, 0.0, 0.0, 0.0, 0.0, 6.0, 6.0, 0.0, 0.0, 1.0, 1.0, 166.0, 166.0, 0.0, 0.0, 0, 0, 1.0, 1.0, 2.0, 1, 1, 2, 0.0, 0.0], [3, 4, 205128.0, 51282.0, 0, 0.0, 0.0, 8.0, 2.0, 19.0, 4.75, 0.0, 0.0, 4.0, 1.0, 320.0, 80.0, 0.0, 0.0, 0, 0, 18.25, 11.75, 30.0, 73, 47, 120, 0.011976047904191616, 0.0]], False]
[[11915.0, 0, 1, 0, 1, 216, 0, 0, 0, 1, 0, 0, 0.0], [[2, 3, 836207.0, 278735.66666666674, 0, 0.0, 0.0, 9.0, 3.0, 8.0, 2.6666666666666665, 0.0, 0.0, 4.0, 1.3333333333333333, 35.0, 11.666666666666664, 0.0, 0.0, 0, 0, 10.333333333333334, 1.3333333333333333, 11.666666666666664, 31, 4, 35, 0.053892215568862284, 0.0]], False]
[[9821.0, 0, 2, 0, 1, 48, 0, 0, 14, 18, 0, 0, 0.0], [[1, 1, 59026.0, 59026.0, 0, 0.0, 0.0, 0.0, 0.0, 6.0, 6.0, 0.0, 0.0, 1.0, 1.0, 166.0, 166.0, 0.0, 0.0, 0, 0, 13.0, 1.0, 14.0, 13, 1, 14, 0.0, 0.0], [4, 4, 3028432.0, 757108.0, 0, 0.0, 0.0, 21.0, 5.25, 17.0, 4.25, 0.0, 0.0, 5.0, 1.25, 662.0, 165.5, 0.0, 0.0, 0, 0, 20.0, 17.5, 37.5, 80, 70, 150, 0.011976047904191616, 0.0], [2, 5, 4002705.0, 800541.0, 0, 0.0, 0.0, 35.0, 7.0, 17.0, 3.4, 0.0, 0.0, 8.0, 1.6, 973.0, 194.6, 0.0, 0.0, 0, 0, 21.8, 1.4, 23.2, 109, 7, 116, 0.0, 0.0], [1, 1, 59026.0, 59026.0, 0, 0.0, 0.0, 0.0, 0.0, 6.0, 6.0, 0.0, 0.0, 1.0, 1.0, 166.0, 166.0, 0.0, 0.0, 0, 0, 1.0, 1.0, 2.0, 1, 1, 2, 0.0, 0.0]], False]
[[809254.0, 2, 3, 0, 1, 90, 0, 0, 0, 2, 2, 1, 1.0], [[5, 13, 7066881.0, 543606.2307692308, 1, 2577775.0, 2577775.0, 88.0, 6.769230769230768, 54.0, 4.153846153846153, 0.0, 0.0, 15.0, 1.1538461538461535, 2662.0, 204.7692307692308, 0.0, 0.0, 0, 0, 30.923076923076927, 25.384615384615387, 56.30769230769231, 402, 330, 732, 0.14285714285714285, 0.07692307692307693], [3, 8, 6572198.0, 821524.75, 1, 2577775.0, 2577775.0, 64.0, 8.0, 35.0, 4.375, 0.0, 0.0, 12.0, 1.5, 2475.0, 309.375, 0.0, 0.0, 0, 0, 45.5, 32.75, 78.25, 364, 262, 626, 0.037037037037037035, 0.125]], False]
[[904796.0, 2, 4, 0, 1, 6, 0, 0, 0, 1, 1, 1, 1.0], [[3, 9, 7381452.0, 820161.3333333335, 1, 2577775.0, 2577775.0, 66.0, 7.333333333333332, 38.0, 4.222222222222221, 0.0, 0.0, 13.0, 1.4444444444444444, 2565.0, 285.0, 0.0, 0.0, 0, 0, 44.66666666666666, 29.555555555555557, 74.22222222222223, 402, 266, 668, 0.037037037037037035, 0.1111111111111111]], False]
[[1138893.0, 0, 5, 0, 1, 112, 0, 0, 0, 1, 0, 0, 0.0], [[1, 1, 1816232.0, 1816232.0, 0, 0.0, 0.0, 21.0, 21.0, 9.0, 9.0, 0.0, 0.0, 1.0, 1.0, 300.0, 300.0, 0.0, 0.0, 0, 0, 0.0, 0.0, 0.0, 0, 0, 0, 0.0, 0.0]], False]
[[2373763.0, 2, 3, 0, 1, 43, 0, 0, 2, 3, 0, 0, 0.0], [[2, 2, 677110.0, 338555.0, 0, 0.0, 0.0, 3.0, 1.5, 7.0, 3.5, 0.0, 0.0, 4.0, 2.0, 25.0, 12.5, 0.0, 0.0, 0, 0, 5.0, 4.0, 9.0, 10, 8, 18, 0.0, 0.0]], False]
[[139832.0, 5, 6, 0, 1, 62, 0, 0, 0, 2, 0, 0, 0.0], [[2, 4, 603327.0, 150831.75, 0, 0.0, 0.0, 5.0, 1.25, 16.0, 4.0, 0.0, 0.0, 4.0, 1.0, 291.0, 72.75, 0.0, 0.0, 0, 0, 16.25, 5.75, 22.0, 65, 23, 88, 0.00598802395209581, 0.0], [2, 2, 1643447.0, 821723.5, 0, 0.0, 0.0, 9.0, 4.5, 9.0, 4.5, 0.0, 0.0, 5.0, 2.5, 209.0, 104.5, 0.0, 0.0, 0, 0, 26.0, 30.0, 56.0, 52, 60, 112, 0.00598802395209581, 0.0]], False]
[[107241.0, 0, 5, 0, 1, 3, 0, 0, 0, 1, 1, 1, 1.0], [[5, 7, 4165422.0, 595060.2857142857, 1, 1201264.0, 1201264.0, 22.0, 3.1428571428571432, 25.0, 3.571428571428572, 0.0, 0.0, 8.0, 1.1428571428571428, 353.0, 50.42857142857143, 0.0, 0.0, 0, 0, 4.571428571428571, 1.2857142857142858, 5.857142857142858, 32, 9, 41, 0.006024096385542169, 0.14285714285714285]], False]
[[60171.0, 4, 1, 0, 1, 49, 0, 0, 0, 2, 0, 0, 0.0], [[1, 2, 1750296.0, 875148.0, 0, 0.0, 0.0, 10.0, 5.0, 7.0, 3.5, 0.0, 0.0, 6.0, 3.0, 109.0, 54.5, 0.0, 0.0, 0, 0, 16.5, 6.0, 22.5, 33, 12, 45, 0.042424242424242434, 0.0], [1, 2, 1750296.0, 875148.0, 0, 0.0, 0.0, 10.0, 5.0, 7.0, 3.5, 0.0, 0.0, 6.0, 3.0, 109.0, 54.5, 0.0, 0.0, 0, 0, 32.0, 0.0, 32.0, 64, 0, 64, 0.01818181818181818, 0.0]], False]
[[94670.0, 0, 3, 0, 1, 2, 0, 0, 1, 1, 0, 0, 0.0], [], False]
[[84058.0, 0, 0, 0, 1, 28, 0, 0, 0, 1, 0, 0, 0.0], [[1, 1, 348975.0, 348975.0, 0, 0.0, 0.0, 1.0, 1.0, 7.0, 7.0, 0.0, 0.0, 2.0, 2.0, 53.0, 53.0, 0.0, 0.0, 0, 0, 21.0, 4.0, 25.0, 21, 4, 25, 0.006060606060606061, 0.0]], False]
[[326673.0, 5, 7, 0, 1, 13, 0, 0, 0, 1, 0, 0, 0.0], [[1, 2, 509534.0, 254767.0, 0, 0.0, 0.0, 4.0, 2.0, 1.0, 0.5, 0.0, 0.0, 3.0, 1.5, 22.0, 11.0, 0.0, 0.0, 0, 0, 11.0, 0.0, 11.0, 22, 0, 22, 0.02424242424242424, 0.0]], False]
[[348975.0, 1, 7, 0, 2, 53, 0, 0, 2, 2, 0, 0, 0.0], [], False]
[[20316.0, 0, 6, 0, 1, 140, 0, 0, 0, 1, 0, 0, 0.0], [[2, 4, 1729511.0, 432377.75, 0, 0.0, 0.0, 4.0, 1.0, 7.0, 1.75, 0.0, 0.0, 6.0, 1.5, 445.0, 111.25, 0.0, 0.0, 0, 0, 9.75, 101.5, 111.25, 39, 406, 445, 0.02469135802469136, 0.0]], False]
[[744531.0, 0, 2, 0, 1, 9, 0, 0, 0, 1, 0, 0, 0.0], [[1, 1, 1816232.0, 1816232.0, 0, 0.0, 0.0, 21.0, 21.0, 9.0, 9.0, 0.0, 0.0, 1.0, 1.0, 300.0, 300.0, 0.0, 0.0, 0, 0, 0.0, 0.0, 0.0, 0, 0, 0, 0.0, 0.0]], False]
[[1466983.0, 9, 3, 0, 4, 240, 0, 0, 1, 3, 0, 0, 0.0], [[2, 3, 544301.0, 181433.66666666663, 0, 0.0, 0.0, 5.0, 1.6666666666666667, 10.0, 3.333333333333333, 0.0, 0.0, 3.0, 1.0, 125.0, 41.66666666666666, 0.0, 0.0, 0, 0, 6.666666666666668, 11.666666666666664, 18.33333333333333, 20, 35, 55, 0.024096385542168683, 0.0], [2, 4, 2535722.0, 633930.5, 0, 0.0, 0.0, 26.0, 6.5, 14.0, 3.5, 0.0, 0.0, 4.0, 1.0, 733.0, 183.25, 0.0, 0.0, 0, 0, 27.0, 1.5, 28.5, 108, 6, 114, 0.0, 0.0]], False]
[[1211200.0, 0, 7, 0, 2, 42, 0, 0, 0, 1, 0, 0, 0.0], [[3, 3, 1817232.0, 605744.0, 0, 0.0, 0.0, 21.0, 7.0, 10.0, 3.333333333333333, 0.0, 0.0, 3.0, 1.0, 620.0, 206.66666666666663, 0.0, 0.0, 0, 0, 18.0, 18.0, 36.0, 54, 54, 108, 0.012345679012345678, 0.0]], False]
[[8913.0, 4, 2, 0, 1, 33, 0, 0, 1, 1, 0, 0, 0.0], [], True]
[[5.0, 0, 0, 0, 1, 33, 0, 0, 1, 1, 0, 0, 0.0], [], False]
[[236277.0, 0, 3, 0, 2, 68, 0, 0, 2, 2, 0, 0, 0.0], [], True]
[[8.0, 0, 1, 0, 1, 68, 0, 0, 0, 2, 0, 0, 0.0], [[1, 1, 236277.0, 236277.0, 0, 0.0, 0.0, 0.0, 0.0, 3.0, 3.0, 0.0, 0.0, 2.0, 2.0, 68.0, 68.0, 0.0, 0.0, 0, 0, 45.0, 0.0, 45.0, 45, 0, 45, 0.0, 0.0], [1, 1, 236277.0, 236277.0, 0, 0.0, 0.0, 0.0, 0.0, 3.0, 3.0, 0.0, 0.0, 2.0, 2.0, 68.0, 68.0, 0.0, 0.0, 0, 0, 0.0, 23.0, 23.0, 0, 23, 23, 0.0, 0.0]], False]
[[109694.0, 0, 4, 0, 1, 15, 0, 0, 0, 1, 1, 1, 1.0], [[4, 6, 4055728.0, 675954.6666666665, 1, 1201264.0, 1201264.0, 22.0, 3.6666666666666665, 21.0, 3.5, 0.0, 0.0, 7.0, 1.1666666666666667, 338.0, 56.33333333333334, 0.0, 0.0, 0, 0, 2.833333333333333, 1.5, 4.333333333333333, 17, 9, 26, 0.006134969325153374, 0.16666666666666666]], False]
[[1578288.0, 4, 2, 0, 1, 31, 0, 0, 0, 2, 0, 0, 0.0], [[1, 1, 172008.0, 172008.0, 0, 0.0, 0.0, 6.0, 6.0, 5.0, 5.0, 0.0, 0.0, 5.0, 5.0, 78.0, 78.0, 0.0, 0.0, 0, 0, 15.0, 3.0, 18.0, 15, 3, 18, 0.018518518518518517, 0.0], [1, 1, 172008.0, 172008.0, 0, 0.0, 0.0, 6.0, 6.0, 5.0, 5.0, 0.0, 0.0, 5.0, 5.0, 78.0, 78.0, 0.0, 0.0, 0, 0, 60.0, 0.0, 60.0, 60, 0, 60, 0.018518518518518517, 0.0]], False]
[[2698.0, 0, 3, 0, 1, 16, 0, 0, 0, 1, 0, 0, 0.0], [[1, 1, 1816232.0, 1816232.0, 0, 0.0, 0.0, 21.0, 21.0, 9.0, 9.0, 0.0, 0.0, 1.0, 1.0, 300.0, 300.0, 0.0, 0.0, 0, 0, 0.0, 0.0, 0.0, 0, 0, 0, 0.0, 0.0]], False]
[[265072.0, 0, 0, 0, 1, 93, 0, 0, 0, 3, 0, 0, 0.0], [[3, 8, 3486558.0, 435819.75, 0, 0.0, 0.0, 48.0, 6.0, 31.0, 3.875, 0.0, 0.0, 9.0, 1.125, 1066.0, 133.25, 0.0, 0.0, 0, 0, 39.0, 7.375, 46.375, 312, 59, 371, 0.1111111111111111, 0.0], [5, 10, 3872583.0, 387258.3, 0, 0.0, 0.0, 57.0, 5.7, 34.0, 3.4, 0.0, 0.0, 12.0, 1.2, 1111.0, 111.1, 0.0, 0.0, 0, 0, 27.2, 21.8, 49.0, 272, 218, 490, 0.12345679012345677, 0.0], [2, 3, 1901096.0, 633698.6666666665, 0, 0.0, 0.0, 24.0, 8.0, 10.0, 3.333333333333333, 0.0, 0.0, 4.0, 1.3333333333333333, 636.0, 212.0, 0.0, 0.0, 0, 0, 5.666666666666668, 2.0, 7.666666666666668, 17, 6, 23, 0.0, 0.0]], False]
[[454150.0, 5, 4, 0, 1, 40, 0, 0, 0, 2, 0, 0, 0.0], [[5, 11, 4137655.0, 376150.45454545453, 0, 0.0, 0.0, 57.0, 5.181818181818182, 34.0, 3.0909090909090913, 0.0, 0.0, 13.0, 1.181818181818182, 1204.0, 109.45454545454544, 0.0, 0.0, 0, 0, 25.272727272727273, 19.818181818181817, 45.09090909090909, 278, 218, 496, 0.12269938650306747, 0.0], [2, 4, 2166168.0, 541542.0, 0, 0.0, 0.0, 24.0, 6.0, 10.0, 2.5, 0.0, 0.0, 5.0, 1.25, 729.0, 182.25, 0.0, 0.0, 0, 0, 23.0, 1.5, 24.5, 92, 6, 98, 0.0, 0.0]], False]
[[62649.0, 0, 1, 0, 1, 1, 0, 0, 1, 1, 0, 0, 0.0], [], False]
[[144147.0, 0, 4, 0, 1, 8, 0, 0, 0, 1, 0, 0, 0.0], [[3, 4, 2555249.0, 638812.25, 0, 0.0, 0.0, 29.0, 7.25, 17.0, 4.25, 0.0, 0.0, 4.0, 1.0, 717.0, 179.25, 0.0, 0.0, 0, 0, 17.0, 8.75, 25.75, 68, 35, 103, 0.06470588235294117, 0.0]], True]
[[7.0, 0, 0, 0, 1, 8, 0, 0, 0, 1, 0, 0, 0.0], [[3, 4, 2555249.0, 638812.25, 0, 0.0, 0.0, 29.0, 7.25, 17.0, 4.25, 0.0, 0.0, 4.0, 1.0, 717.0, 179.25, 0.0, 0.0, 0, 0, 17.0, 8.75, 25.75, 68, 35, 103, 0.06470588235294117, 0.0]], False]
[[339.0, 0, 0, 0, 1, 2, 0, 0, 0, 1, 0, 0, 0.0], [[1, 1, 21961.0, 21961.0, 0, 0.0, 0.0, 0.0, 0.0, 1.0, 1.0, 0.0, 0.0, 1.0, 1.0, 2.0, 2.0, 0.0, 0.0, 0, 0, 1.0, 1.0, 2.0, 1, 1, 2, 0.0, 0.0]], False]
[[916.0, 0, 1, 0, 1, 2, 0, 0, 0, 1, 1, 1, 1.0], [[2, 3, 277790.0, 92596.66666666669, 1, 208802.0, 208802.0, 14.0, 4.666666666666667, 7.0, 2.333333333333333, 0.0, 0.0, 4.0, 1.3333333333333333, 1590.0, 530.0, 0.0, 0.0, 0, 0, 8.0, 6.333333333333332, 14.333333333333336, 24, 19, 43, 0.017647058823529408, 0.3333333333333333]], False]
[[68.0, 0, 2, 0, 1, 1, 0, 0, 1, 1, 0, 0, 0.0], [], False]
[[847.0, 0, 3, 0, 1, 4, 0, 0, 1, 1, 0, 0, 0.0], [], False]
[[1176206.0, 0, 1, 0, 2, 30, 0, 0, 0, 1, 0, 0, 0.0], [[2, 3, 553305.0, 184435.0, 0, 0.0, 0.0, 4.0, 1.3333333333333333, 6.0, 2.0, 0.0, 0.0, 4.0, 1.3333333333333333, 415.0, 138.33333333333334, 0.0, 0.0, 0, 0, 4.666666666666667, 133.66666666666666, 138.33333333333334, 14, 401, 415, 0.02469135802469136, 0.0]], False]
[[8671424.0, 0, 3, 0, 1, 2, 0, 0, 0, 1, 0, 0, 0.0], [[1, 1, 3081405.0, 3081405.0, 0, 0.0, 0.0, 2.0, 2.0, 1.0, 1.0, 0.0, 0.0, 1.0, 1.0, 4.0, 4.0, 0.0, 0.0, 0, 0, 2.0, 2.0, 4.0, 2, 2, 4, 0.017241379310344827, 0.0]], False]
[[3081405.0, 2, 1, 0, 1, 4, 0, 0, 1, 1, 0, 0, 0.0], [], False]
[[11278.0, 0, 1, 0, 1, 2, 0, 0, 0, 1, 1, 1, 1.0], [[3, 4, 184454.0, 46113.5, 1, 74112.0, 74112.0, 0.0, 0.0, 3.0, 0.75, 0.0, 0.0, 5.0, 1.25, 35.0, 8.75, 0.0, 0.0, 0, 0, 7.0, 0.5, 7.5, 28, 2, 30, 0.0, 0.25]], False]
[[194026.0, 0, 1, 0, 1, 2, 0, 0, 0, 1, 0, 0, 0.0], [[2, 4, 368800.0, 92200.0, 0, 0.0, 0.0, 4.0, 1.0, 7.0, 1.75, 0.0, 0.0, 5.0, 1.25, 1069.0, 267.25, 0.0, 0.0, 0, 0, 92.5, 174.75, 267.25, 370, 699, 1069, 0.023809523809523808, 0.0]], False]
[[95394.0, 0, 0, 0, 1, 7, 0, 0, 0, 1, 0, 0, 0.0], [[3, 7, 2928354.0, 418336.2857142858, 0, 0.0, 0.0, 44.0, 6.2857142857142865, 31.0, 4.428571428571429, 0.0, 0.0, 8.0, 1.1428571428571428, 996.0, 142.28571428571428, 0.0, 0.0, 0, 0, 41.57142857142857, 6.7142857142857135, 48.28571428571429, 291, 47, 338, 0.08928571428571429, 0.0]], False]
[[358926.0, 4, 5, 0, 2, 13, 0, 0, 0, 1, 0, 0, 0.0], [[1, 3, 9874.0, 3291.333333333333, 0, 0.0, 0.0, 0.0, 0.0, 2.0, 0.6666666666666666, 0.0, 0.0, 3.0, 1.0, 1056.0, 352.0, 0.0, 0.0, 0, 0, 119.66666666666669, 232.33333333333331, 352.0, 359, 697, 1056, 0.0, 0.0]], False]
[[467325.0, 4, 2, 0, 1, 68, 0, 0, 0, 3, 0, 0, 0.0], [[3, 8, 3023748.0, 377968.5, 0, 0.0, 0.0, 44.0, 5.5, 31.0, 3.875, 0.0, 0.0, 9.0, 1.125, 1003.0, 125.375, 0.0, 0.0, 0, 0, 37.0, 6.125, 43.125, 296, 49, 345, 0.08928571428571429, 0.0], [5, 9, 3405258.0, 378362.0, 0, 0.0, 0.0, 53.0, 5.888888888888888, 32.0, 3.555555555555556, 0.0, 0.0, 11.0, 1.2222222222222223, 1043.0, 115.88888888888887, 0.0, 0.0, 0, 0, 29.555555555555557, 23.66666666666667, 53.22222222222222, 266, 213, 479, 0.11904761904761905, 0.0], [3, 3, 2087924.0, 695974.6666666665, 0, 0.0, 0.0, 25.0, 8.333333333333334, 15.0, 5.0, 0.0, 0.0, 3.0, 1.0, 649.0, 216.33333333333331, 0.0, 0.0, 0, 0, 14.0, 11.666666666666664, 25.66666666666667, 42, 35, 77, 0.05952380952380953, 0.0]], False]
[[6280.0, 0, 0, 0, 1, 36, 0, 0, 0, 1, 0, 0, 0.0], [[4, 8, 3398978.0, 424872.25, 0, 0.0, 0.0, 53.0, 6.625, 32.0, 4.0, 0.0, 0.0, 10.0, 1.25, 1007.0, 125.875, 0.0, 0.0, 0, 0, 31.0, 24.375, 55.375, 248, 195, 443, 0.11834319526627217, 0.0]], False]
[[7633091.0, 0, 3, 0, 1, 37, 0, 0, 0, 2, 2, 1, 1.0], [[4, 9, 4463633.0, 495959.22222222225, 1, 2577775.0, 2577775.0, 57.0, 6.333333333333332, 37.0, 4.111111111111111, 0.0, 0.0, 10.0, 1.1111111111111112, 2045.0, 227.22222222222226, 0.0, 0.0, 0, 0, 41.22222222222222, 12.555555555555555, 53.77777777777778, 371, 113, 484, 0.1875, 0.1111111111111111], [3, 16, 7239398.0, 452462.375, 1, 2577775.0, 2577775.0, 53.0, 3.3125, 56.0, 3.5, 0.0, 0.0, 20.0, 1.25, 2350.0, 146.875, 0.0, 0.0, 0, 0, 34.6875, 24.625, 59.3125, 555, 394, 949, 0.09821428571428573, 0.0625]], False]
[[1380.0, 0, 0, 0, 1, 4, 0, 0, 0, 1, 0, 0, 0.0], [[4, 6, 2666810.0, 444468.33333333326, 0, 0.0, 0.0, 37.0, 6.166666666666668, 18.0, 3.0, 0.0, 0.0, 8.0, 1.3333333333333333, 699.0, 116.5, 0.0, 0.0, 0, 0, 39.0, 32.333333333333336, 71.33333333333333, 234, 194, 428, 0.1124260355029586, 0.0]], False]
[[20531.0, 0, 0, 0, 1, 2, 0, 0, 0, 1, 0, 0, 0.0], [[3, 5, 2177035.0, 435407.0, 0, 0.0, 0.0, 28.0, 5.6, 17.0, 3.4, 0.0, 0.0, 6.0, 1.2, 690.0, 138.0, 0.0, 0.0, 0, 0, 6.8, 1.8, 8.6, 34, 9, 43, 0.0, 0.0]], False]
[[730788.0, 16, 14, 0, 1, 304, 0, 0, 0, 2, 0, 0, 0.0], [[3, 6, 2197566.0, 366261.0, 0, 0.0, 0.0, 28.0, 4.666666666666667, 17.0, 2.833333333333333, 0.0, 0.0, 7.0, 1.1666666666666667, 692.0, 115.33333333333331, 0.0, 0.0, 0, 0, 6.0, 1.5, 7.5, 36, 9, 45, 0.0, 0.0], [4, 7, 2668190.0, 381170.0, 0, 0.0, 0.0, 37.0, 5.285714285714286, 18.0, 2.571428571428572, 0.0, 0.0, 9.0, 1.2857142857142858, 703.0, 100.42857142857143, 0.0, 0.0, 0, 0, 34.0, 27.714285714285715, 61.714285714285715, 238, 194, 432, 0.1124260355029586, 0.0]], False]
[[14254.0, 0, 0, 0, 1, 3, 0, 0, 0, 1, 0, 0, 0.0], [[4, 5, 2652556.0, 530511.2, 0, 0.0, 0.0, 37.0, 7.4, 18.0, 3.6, 0.0, 0.0, 7.0, 1.4, 696.0, 139.2, 0.0, 0.0, 0, 0, 46.2, 38.8, 85.0, 231, 194, 425, 0.11176470588235296, 0.0]], False]
[[573.0, 0, 3, 0, 1, 36, 0, 0, 0, 2, 0, 0, 0.0], [[1, 3, 553003.0, 184334.3333333333, 0, 0.0, 0.0, 5.0, 1.6666666666666667, 11.0, 3.6666666666666665, 0.0, 0.0, 3.0, 1.0, 130.0, 43.33333333333334, 0.0, 0.0, 0, 0, 12.0, 11.0, 23.0, 36, 33, 69, 0.024096385542168683, 0.0], [2, 3, 602754.0, 200918.0, 0, 0.0, 0.0, 5.0, 1.6666666666666667, 13.0, 4.333333333333333, 0.0, 0.0, 3.0, 1.0, 255.0, 85.0, 0.0, 0.0, 0, 0, 13.0, 7.333333333333332, 20.33333333333333, 39, 22, 61, 0.006024096385542169, 0.0]], False]
[[7557.0, 2, 2, 0, 1, 12, 0, 0, 2, 2, 0, 0, 0.0], [], False]
[[270078.0, 0, 4, 0, 2, 2, 0, 0, 0, 1, 0, 0, 0.0], [[1, 1, 1816232.0, 1816232.0, 0, 0.0, 0.0, 21.0, 21.0, 9.0, 9.0, 0.0, 0.0, 1.0, 1.0, 300.0, 300.0, 0.0, 0.0, 0, 0, 0.0, 0.0, 0.0, 0, 0, 0, 0.0, 0.0]], False]
[[1057336.0, 2, 5, 0, 1, 61, 0, 0, 0, 2, 2, 1, 1.0], [[3, 3, 1595519.0, 531839.6666666665, 1, 208802.0, 208802.0, 20.0, 6.666666666666668, 11.0, 3.6666666666666665, 0.0, 0.0, 6.0, 2.0, 1695.0, 565.0, 0.0, 0.0, 0, 0, 63.0, 61.66666666666666, 124.66666666666669, 189, 185, 374, 0.006024096385542169, 0.3333333333333333], [4, 4, 1677604.0, 419401.0, 1, 208802.0, 208802.0, 20.0, 5.0, 12.0, 3.0, 0.0, 0.0, 8.0, 2.0, 1722.0, 430.5, 0.0, 0.0, 0, 0, 32.5, 20.5, 53.0, 130, 82, 212, 0.060240963855421686, 0.25]], False]
[[119785.0, 0, 2, 0, 1, 4, 0, 0, 0, 1, 0, 0, 0.0], [[1, 2, 1846049.0, 923024.5, 0, 0.0, 0.0, 21.0, 10.5, 12.0, 6.0, 0.0, 0.0, 2.0, 1.0, 309.0, 154.5, 0.0, 0.0, 0, 0, 0.5, 4.0, 4.5, 1, 8, 9, 0.0, 0.0]], False]
[[29817.0, 0, 3, 0, 1, 9, 0, 0, 0, 1, 0, 0, 0.0], [[1, 1, 1816232.0, 1816232.0, 0, 0.0, 0.0, 21.0, 21.0, 9.0, 9.0, 0.0, 0.0, 1.0, 1.0, 300.0, 300.0, 0.0, 0.0, 0, 0, 0.0, 0.0, 0.0, 0, 0, 0, 0.0, 0.0]], False]
[[1761955.0, 2, 14, 0, 4, 59, 0, 0, 7, 9, 1, 1, 0.1111111111111111], [[3, 4, 2652855.0, 663213.75, 1, 208802.0, 208802.0, 22.0, 5.5, 16.0, 4.0, 0.0, 0.0, 7.0, 1.75, 1756.0, 439.0, 0.0, 0.0, 0, 0, 52.75, 46.75, 99.5, 211, 187, 398, 0.018072289156626502, 0.25], [2, 2, 1484410.0, 742205.0, 0, 0.0, 0.0, 9.0, 4.5, 5.0, 2.5, 0.0, 0.0, 6.0, 3.0, 168.0, 84.0, 0.0, 0.0, 0, 0, 14.0, 5.0, 19.0, 28, 10, 38, 0.006024096385542169, 0.0]], False]
[[57025.0, 0, 0, 0, 1, 2, 0, 0, 0, 1, 0, 0, 0.0], [[1, 1, 1816232.0, 1816232.0, 0, 0.0, 0.0, 21.0, 21.0, 9.0, 9.0, 0.0, 0.0, 1.0, 1.0, 300.0, 300.0, 0.0, 0.0, 0, 0, 0.0, 0.0, 0.0, 0, 0, 0, 0.0, 0.0]], False]
[[243.0, 0, 0, 0, 1, 17, 0, 0, 1, 2, 1, 1, 0.5], [[2, 2, 193194.0, 96597.0, 1, 208802.0, 208802.0, 11.0, 5.5, 7.0, 3.5, 0.0, 0.0, 2.0, 1.0, 1554.0, 777.0, 0.0, 0.0, 0, 0, 7.0, 7.0, 14.0, 14, 14, 28, 0.0, 0.5]], False]
[[1198832.0, 0, 9, 0, 2, 13, 0, 0, 0, 2, 0, 0, 0.0], [[2, 3, 2101686.0, 700562.0, 0, 0.0, 0.0, 21.0, 7.0, 9.0, 3.0, 0.0, 0.0, 3.0, 1.0, 307.0, 102.33333333333331, 0.0, 0.0, 0, 0, 2.0, 0.3333333333333333, 2.333333333333333, 6, 1, 7, 0.0, 0.0], [1, 1, 1816232.0, 1816232.0, 0, 0.0, 0.0, 21.0, 21.0, 9.0, 9.0, 0.0, 0.0, 1.0, 1.0, 300.0, 300.0, 0.0, 0.0, 0, 0, 0.0, 0.0, 0.0, 0, 0, 0, 0.0, 0.0]], True]
[[5.0, 0, 0, 0, 1, 13, 0, 0, 0, 2, 0, 0, 0.0], [[2, 3, 2101686.0, 700562.0, 0, 0.0, 0.0, 21.0, 7.0, 9.0, 3.0, 0.0, 0.0, 3.0, 1.0, 307.0, 102.33333333333331, 0.0, 0.0, 0, 0, 2.0, 0.3333333333333333, 2.333333333333333, 6, 1, 7, 0.0, 0.0], [1, 1, 1816232.0, 1816232.0, 0, 0.0, 0.0, 21.0, 21.0, 9.0, 9.0, 0.0, 0.0, 1.0, 1.0, 300.0, 300.0, 0.0, 0.0, 0, 0, 0.0, 0.0, 0.0, 0, 0, 0, 0.0, 0.0]], False]
[[485978.0, 2, 1, 0, 1, 2, 0, 0, 0, 1, 0, 0, 0.0], [[1, 1, 23556.0, 23556.0, 0, 0.0, 0.0, 2.0, 2.0, 0.0, 0.0, 0.0, 0.0, 2.0, 2.0, 20.0, 20.0, 0.0, 0.0, 0, 0, 20.0, 0.0, 20.0, 20, 0, 20, 0.012269938650306749, 0.0]], False]
[[23556.0, 2, 0, 0, 2, 20, 0, 0, 1, 1, 0, 0, 0.0], [], False]
[[755205.0, 1, 3, 0, 1, 5, 0, 0, 0, 1, 1, 1, 1.0], [[4, 5, 3300523.0, 660104.6, 1, 1201264.0, 1201264.0, 21.0, 4.2, 18.0, 3.6, 0.0, 0.0, 6.0, 1.2, 333.0, 66.6, 0.0, 0.0, 0, 0, 2.6, 1.6, 4.2, 13, 8, 21, 0.0, 0.2]], False]
[[271424.0, 4, 5, 0, 1, 49, 0, 0, 0, 3, 0, 0, 0.0], [[2, 4, 1905611.0, 476402.75, 0, 0.0, 0.0, 24.0, 6.0, 12.0, 3.0, 0.0, 0.0, 5.0, 1.25, 641.0, 160.25, 0.0, 0.0, 0, 0, 6.25, 2.25, 8.5, 25, 9, 34, 0.0, 0.0], [3, 4, 2381132.0, 595283.0, 0, 0.0, 0.0, 33.0, 8.25, 13.0, 3.25, 0.0, 0.0, 6.0, 1.5, 647.0, 161.75, 0.0, 0.0, 0, 0, 49.5, 48.5, 98.0, 198, 194, 392, 0.098159509202454, 0.0], [3, 3, 1817276.0, 605758.6666666665, 0, 0.0, 0.0, 21.0, 7.0, 12.0, 4.0, 0.0, 0.0, 3.0, 1.0, 641.0, 213.66666666666663, 0.0, 0.0, 0, 0, 19.0, 11.666666666666664, 30.66666666666667, 57, 35, 92, 0.05521472392638037, 0.0]], False]
[[279.0, 0, 1, 0, 1, 9, 0, 0, 0, 2, 0, 0, 0.0], [[1, 1, 1130956.0, 1130956.0, 0, 0.0, 0.0, 9.0, 9.0, 4.0, 4.0, 0.0, 0.0, 1.0, 1.0, 65.0, 65.0, 0.0, 0.0, 0, 0, 0.0, 12.0, 12.0, 0, 12, 12, 0.012422360248447204, 0.0], [1, 1, 1130956.0, 1130956.0, 0, 0.0, 0.0, 9.0, 9.0, 4.0, 4.0, 0.0, 0.0, 1.0, 1.0, 65.0, 65.0, 0.0, 0.0, 0, 0, 15.0, 15.0, 30.0, 15, 15, 30, 0.043478260869565216, 0.0]], False]
[[12669.0, 0, 1, 0, 1, 6, 0, 0, 2, 2, 0, 0, 0.0], [], False]
[[333471.0, 0, 3, 0, 3, 19, 0, 0, 0, 1, 1, 1, 1.0], [[2, 3, 124223.0, 41407.66666666666, 1, 72655.0, 72655.0, 0.0, 0.0, 15.0, 5.0, 0.0, 0.0, 4.0, 1.3333333333333333, 196.0, 65.33333333333333, 0.0, 0.0, 0, 0, 7.0, 5.333333333333333, 12.333333333333336, 21, 16, 37, 0.0, 0.3333333333333333]], False]
[[65129.0, 0, 4, 0, 2, 15, 0, 0, 0, 1, 0, 0, 0.0], [[1, 1, 59026.0, 59026.0, 0, 0.0, 0.0, 0.0, 0.0, 6.0, 6.0, 0.0, 0.0, 1.0, 1.0, 166.0, 166.0, 0.0, 0.0, 0, 0, 6.0, 1.0, 7.0, 6, 1, 7, 0.0, 0.0]], True]
[[68.0, 0, 5, 0, 1, 15, 0, 0, 0, 1, 0, 0, 0.0], [[1, 1, 59026.0, 59026.0, 0, 0.0, 0.0, 0.0, 0.0, 6.0, 6.0, 0.0, 0.0, 1.0, 1.0, 166.0, 166.0, 0.0, 0.0, 0, 0, 6.0, 1.0, 7.0, 6, 1, 7, 0.0, 0.0]], False]
[[353.0, 0, 0, 0, 1, 400, 0, 0, 0, 1, 0, 0, 0.0], [[1, 2, 9521.0, 4760.5, 0, 0.0, 0.0, 0.0, 0.0, 2.0, 1.0, 0.0, 0.0, 2.0, 1.0, 656.0, 328.0, 0.0, 0.0, 0, 0, 178.5, 149.5, 328.0, 357, 299, 656, 0.0, 0.0]], False]
[[1402325.0, 9, 4, 0, 4, 141, 0, 0, 0, 4, 2, 1, 0.5], [[2, 3, 2002878.0, 667626.0, 1, 208802.0, 208802.0, 19.0, 6.333333333333332, 10.0, 3.333333333333333, 0.0, 0.0, 3.0, 1.0, 1672.0, 557.3333333333334, 0.0, 0.0, 0, 0, 67.0, 60.0, 127.0, 201, 180, 381, 0.049079754601227, 0.3333333333333333], [1, 1, 82085.0, 82085.0, 0, 0.0, 0.0, 0.0, 0.0, 1.0, 1.0, 0.0, 0.0, 2.0, 2.0, 27.0, 27.0, 0.0, 0.0, 0, 0, 4.0, 2.0, 6.0, 4, 2, 6, 0.0, 0.0], [1, 1, 241122.0, 241122.0, 0, 0.0, 0.0, 0.0, 0.0, 5.0, 5.0, 0.0, 0.0, 1.0, 1.0, 68.0, 68.0, 0.0, 0.0, 0, 0, 0.0, 56.0, 56.0, 0, 56, 56, 0.0, 0.0], [3, 4, 2084963.0, 521240.75, 1, 208802.0, 208802.0, 19.0, 4.75, 11.0, 2.75, 0.0, 0.0, 5.0, 1.25, 1699.0, 424.75, 0.0, 0.0, 0, 0, 25.0, 20.5, 45.5, 100, 82, 182, 0.018404907975460124, 0.25]], False]
[[540244.0, 0, 5, 0, 2, 27, 0, 0, 2, 2, 0, 0, 0.0], [], False]
[[95117.0, 0, 4, 0, 3, 414, 0, 0, 1, 2, 0, 0, 0.0], [[1, 1, 1816232.0, 1816232.0, 0, 0.0, 0.0, 21.0, 21.0, 9.0, 9.0, 0.0, 0.0, 1.0, 1.0, 300.0, 300.0, 0.0, 0.0, 0, 0, 0.0, 0.0, 0.0, 0, 0, 0, 0.0, 0.0]], False]
[[16777.0, 0, 0, 0, 1, 6, 0, 0, 1, 1, 0, 0, 0.0], [], False]
[[82085.0, 0, 1, 0, 2, 27, 0, 0, 2, 3, 1, 1, 0.3333333333333333], [[2, 3, 2002878.0, 667626.0, 1, 208802.0, 208802.0, 19.0, 6.333333333333332, 10.0, 3.333333333333333, 0.0, 0.0, 3.0, 1.0, 1672.0, 557.3333333333334, 0.0, 0.0, 0, 0, 30.33333333333333, 27.33333333333333, 57.66666666666666, 91, 82, 173, 0.018518518518518517, 0.3333333333333333]], False]
[[230767.0, 0, 0, 0, 1, 4, 0, 0, 0, 1, 0, 0, 0.0], [[1, 1, 348.0, 348.0, 0, 0.0, 0.0, 0.0, 0.0, 0.0, 0.0, 0.0, 0.0, 1.0, 1.0, 4.0, 4.0, 0.0, 0.0, 0, 0, 3.0, 1.0, 4.0, 3, 1, 4, 0.0, 0.0]], False]
[[172008.0, 6, 5, 0, 5, 78, 0, 0, 2, 2, 0, 0, 0.0], [], False]
[[21961.0, 0, 1, 0, 1, 2, 0, 0, 1, 1, 0, 0, 0.0], [], False]
[[480036.0, 9, 3, 0, 2, 11, 0, 0, 0, 1, 0, 0, 0.0], [[3, 4, 21456065.0, 5364016.25, 0, 0.0, 0.0, 24.0, 6.0, 21.0, 5.25, 0.0, 0.0, 5.0, 1.25, 673.0, 168.25, 0.0, 0.0, 0, 0, 49.25, 47.5, 96.75, 197, 190, 387, 0.04375, 0.0]], False]
[[52095.0, 0, 1, 0, 2, 2, 0, 0, 0, 1, 0, 0, 0.0], [[1, 2, 132177.0, 66088.5, 0, 0.0, 0.0, 0.0, 0.0, 2.0, 1.0, 0.0, 0.0, 2.0, 1.0, 31.0, 15.5, 0.0, 0.0, 0, 0, 13.0, 0.0, 13.0, 26, 0, 26, 0.0, 0.0]], True]
[[182.0, 0, 0, 0, 1, 2, 0, 0, 0, 1, 0, 0, 0.0], [[1, 2, 132177.0, 66088.5, 0, 0.0, 0.0, 0.0, 0.0, 2.0, 1.0, 0.0, 0.0, 2.0, 1.0, 31.0, 15.5, 0.0, 0.0, 0, 0, 13.0, 0.0, 13.0, 26, 0, 26, 0.0, 0.0]], False]
[[630.0, 0, 0, 0, 1, 1, 0, 0, 0, 1, 0, 0, 0.0], [[1, 2, 2101056.0, 1050528.0, 0, 0.0, 0.0, 21.0, 10.5, 9.0, 4.5, 0.0, 0.0, 2.0, 1.0, 306.0, 153.0, 0.0, 0.0, 0, 0, 3.0, 0.0, 3.0, 6, 0, 6, 0.0, 0.0]], False]
[[284824.0, 0, 0, 0, 1, 6, 0, 0, 0, 1, 0, 0, 0.0], [[1, 1, 1816232.0, 1816232.0, 0, 0.0, 0.0, 21.0, 21.0, 9.0, 9.0, 0.0, 0.0, 1.0, 1.0, 300.0, 300.0, 0.0, 0.0, 0, 0, 0.0, 0.0, 0.0, 0, 0, 0, 0.0, 0.0]], False]
[[611114.0, 3, 6, 0, 3, 11, 0, 0, 2, 2, 0, 0, 0.0], [], False]
[[144013.0, 0, 0, 0, 1, 4, 0, 0, 1, 1, 0, 0, 0.0], [], False]
[[6310.0, 0, 0, 0, 1, 14, 0, 0, 1, 2, 1, 1, 0.5], [[2, 3, 2002878.0, 667626.0, 1, 208802.0, 208802.0, 19.0, 6.333333333333332, 10.0, 3.333333333333333, 0.0, 0.0, 3.0, 1.0, 1672.0, 557.3333333333334, 0.0, 0.0, 0, 0, 8.666666666666666, 7.333333333333332, 16.0, 26, 22, 48, 0.0, 0.3333333333333333]], False]
[[9442.0, 0, 7, 0, 1, 9, 0, 0, 2, 2, 0, 0, 0.0], [], False]
[[115094.0, 3, 1, 0, 1, 53, 0, 0, 1, 1, 0, 0, 0.0], [], False]
[[241122.0, 0, 5, 0, 1, 68, 0, 0, 1, 2, 0, 0, 0.0], [[1, 1, 9275.0, 9275.0, 0, 0.0, 0.0, 0.0, 0.0, 4.0, 4.0, 0.0, 0.0, 1.0, 1.0, 41.0, 41.0, 0.0, 0.0, 0, 0, 6.0, 1.0, 7.0, 6, 1, 7, 0.0, 0.0]], False]
[[59026.0, 0, 6, 0, 1, 166, 0, 0, 5, 7, 0, 0, 0.0], [[2, 2, 19555745.0, 9777872.5, 0, 0.0, 0.0, 0.0, 0.0, 13.0, 6.5, 0.0, 0.0, 2.0, 1.0, 78.0, 39.0, 0.0, 0.0, 0, 0, 1.0, 0.5, 1.5, 2, 1, 3, 0.0, 0.0], [1, 2, 543728.0, 271864.0, 0, 0.0, 0.0, 5.0, 2.5, 7.0, 3.5, 0.0, 0.0, 2.0, 1.0, 89.0, 44.5, 0.0, 0.0, 0, 0, 14.5, 7.0, 21.5, 29, 14, 43, 0.00684931506849315, 0.0]], False]
[[732.0, 0, 0, 0, 1, 20, 0, 0, 0, 1, 0, 0, 0.0], [[5, 6, 2442547.0, 407091.16666666674, 0, 0.0, 0.0, 21.0, 3.5, 19.0, 3.1666666666666665, 0.0, 0.0, 7.0, 1.1666666666666667, 627.0, 104.5, 0.0, 0.0, 0, 0, 10.833333333333336, 8.333333333333334, 19.166666666666668, 65, 50, 115, 0.0136986301369863, 0.0]], False]
[[10053.0, 0, 0, 0, 1, 18, 0, 0, 0, 1, 0, 0, 0.0], [[2, 2, 1816500.0, 908250.0, 0, 0.0, 0.0, 21.0, 10.5, 10.0, 5.0, 0.0, 0.0, 2.0, 1.0, 600.0, 300.0, 0.0, 0.0, 0, 0, 3.5, 3.5, 7.0, 7, 7, 14, 0.0136986301369863, 0.0]], False]
[[268.0, 0, 1, 0, 1, 300, 0, 0, 43, 57, 0, 0, 0.0], [[1, 2, 14204.0, 7102.0, 0, 0.0, 0.0, 0.0, 0.0, 2.0, 1.0, 0.0, 0.0, 3.0, 1.5, 56.0, 28.0, 0.0, 0.0, 0, 0, 4.5, 19.5, 24.0, 9, 39, 48, 0.0, 0.0], [4, 4, 17965956.0, 4491489.0, 0, 0.0, 0.0, 1.0, 0.25, 10.0, 2.5, 0.0, 0.0, 5.0, 1.25, 136.0, 34.0, 0.0, 0.0, 0, 0, 27.75, 6.25, 34.0, 111, 25, 136, 0.018867924528301886, 0.0], [1, 1, 122025.0, 122025.0, 0, 0.0, 0.0, 0.0, 0.0, 1.0, 1.0, 0.0, 0.0, 1.0, 1.0, 6.0, 6.0, 0.0, 0.0, 0, 0, 6.0, 0.0, 6.0, 6, 0, 6, 0.0, 0.0], [2, 2, 306418.0, 153209.0, 0, 0.0, 0.0, 0.0, 0.0, 6.0, 3.0, 0.0, 0.0, 2.0, 1.0, 38.0, 19.0, 0.0, 0.0, 0, 0, 18.5, 0.5, 19.0, 37, 1, 38, 0.0, 0.0], [1, 1, 513629.0, 513629.0, 0, 0.0, 0.0, 0.0, 0.0, 1.0, 1.0, 0.0, 0.0, 1.0, 1.0, 2.0, 2.0, 0.0, 0.0, 0, 0, 1.0, 1.0, 2.0, 1, 1, 2, 0.0, 0.0], [1, 1, 4444.0, 4444.0, 0, 0.0, 0.0, 0.0, 0.0, 3.0, 3.0, 0.0, 0.0, 2.0, 2.0, 12.0, 12.0, 0.0, 0.0, 0, 0, 2.0, 0.0, 2.0, 2, 0, 2, 0.0, 0.0], [1, 1, 4444.0, 4444.0, 0, 0.0, 0.0, 0.0, 0.0, 3.0, 3.0, 0.0, 0.0, 2.0, 2.0, 12.0, 12.0, 0.0, 0.0, 0, 0, 10.0, 0.0, 10.0, 10, 0, 10, 0.0, 0.0], [1, 1, 43928.0, 43928.0, 0, 0.0, 0.0, 0.0, 0.0, 0.0, 0.0, 0.0, 0.0, 1.0, 1.0, 3.0, 3.0, 0.0, 0.0, 0, 0, 2.0, 1.0, 3.0, 2, 1, 3, 0.0, 0.0], [1, 1, 13407.0, 13407.0, 0, 0.0, 0.0, 0.0, 0.0, 2.0, 2.0, 0.0, 0.0, 2.0, 2.0, 39.0, 39.0, 0.0, 0.0, 0, 0, 8.0, 0.0, 8.0, 8, 0, 8, 0.0, 0.0], [2, 3, 19644080.0, 6548026.666666668, 0, 0.0, 0.0, 3.0, 1.0, 13.0, 4.333333333333333, 0.0, 0.0, 4.0, 1.3333333333333333, 78.0, 26.0, 0.0, 0.0, 0, 0, 6.0, 0.6666666666666666, 6.666666666666668, 18, 2, 20, 0.0, 0.0], [3, 4, 20175781.0, 5043945.25, 0, 0.0, 0.0, 3.0, 0.75, 22.0, 5.5, 0.0, 0.0, 7.0, 1.75, 103.0, 25.75, 0.0, 0.0, 0, 0, 3.75, 1.75, 5.5, 15, 7, 22, 0.0, 0.0], [2, 2, 19555745.0, 9777872.5, 0, 0.0, 0.0, 0.0, 0.0, 13.0, 6.5, 0.0, 0.0, 2.0, 1.0, 78.0, 39.0, 0.0, 0.0, 0, 0, 14.5, 0.0, 14.5, 29, 0, 29, 0.0, 0.0], [4, 4, 626047.0, 156511.75, 0, 0.0, 0.0, 0.0, 0.0, 9.0, 2.25, 0.0, 0.0, 5.0, 1.25, 27.0, 6.75, 0.0, 0.0, 0, 0, 5.25, 1.5, 6.75, 21, 6, 27, 0.0, 0.0], [2, 3, 20174347.0, 6724782.333333332, 0, 0.0, 0.0, 3.0, 1.0, 21.0, 7.0, 0.0, 0.0, 6.0, 2.0, 101.0, 33.666666666666664, 0.0, 0.0, 0, 0, 17.0, 0.3333333333333333, 17.333333333333332, 51, 1, 52, 0.0, 0.0]], False]
[[5697.0, 3, 4, 0, 1, 56, 0, 0, 0, 2, 0, 0, 0.0], [[1, 2, 547306.0, 273653.0, 0, 0.0, 0.0, 2.0, 1.0, 7.0, 3.5, 0.0, 0.0, 2.0, 1.0, 74.0, 37.0, 0.0, 0.0, 0, 0, 14.5, 1.5, 16.0, 29, 3, 32, 0.03773584905660377, 0.0], [1, 1, 538031.0, 538031.0, 0, 0.0, 0.0, 2.0, 2.0, 3.0, 3.0, 0.0, 0.0, 1.0, 1.0, 33.0, 33.0, 0.0, 0.0, 0, 0, 24.0, 0.0, 24.0, 24, 0, 24, 0.0, 0.0]], False]
[[288011.0, 0, 2, 0, 1, 36, 0, 0, 0, 1, 0, 0, 0.0], [[1, 1, 18407.0, 18407.0, 0, 0.0, 0.0, 0.0, 0.0, 4.0, 4.0, 0.0, 0.0, 1.0, 1.0, 2.0, 2.0, 0.0, 0.0, 0, 0, 1.0, 1.0, 2.0, 1, 1, 2, 0.0, 0.0]], False]
[[757939.0, 1, 5, 0, 2, 48, 0, 0, 0, 1, 0, 0, 0.0], [[3, 3, 17208017.0, 5736005.666666668, 0, 0.0, 0.0, 0.0, 0.0, 5.0, 1.6666666666666667, 0.0, 0.0, 3.0, 1.0, 88.0, 29.33333333333333, 0.0, 0.0, 0, 0, 27.66666666666667, 1.6666666666666667, 29.33333333333333, 83, 5, 88, 0.0, 0.0]], False]
[[1816232.0, 21, 9, 0, 1, 300, 0, 0, 52, 57, 0, 0, 0.0], [[2, 3, 19644080.0, 6548026.666666668, 0, 0.0, 0.0, 3.0, 1.0, 13.0, 4.333333333333333, 0.0, 0.0, 4.0, 1.3333333333333333, 78.0, 26.0, 0.0, 0.0, 0, 0, 6.0, 0.6666666666666666, 6.666666666666668, 18, 2, 20, 0.0, 0.0], [3, 4, 20175781.0, 5043945.25, 0, 0.0, 0.0, 3.0, 0.75, 22.0, 5.5, 0.0, 0.0, 7.0, 1.75, 103.0, 25.75, 0.0, 0.0, 0, 0, 3.75, 1.75, 5.5, 15, 7, 22, 0.0, 0.0], [2, 2, 19555745.0, 9777872.5, 0, 0.0, 0.0, 0.0, 0.0, 13.0, 6.5, 0.0, 0.0, 2.0, 1.0, 78.0, 39.0, 0.0, 0.0, 0, 0, 14.5, 0.0, 14.5, 29, 0, 29, 0.0, 0.0], [4, 4, 626047.0, 156511.75, 0, 0.0, 0.0, 0.0, 0.0, 9.0, 2.25, 0.0, 0.0, 5.0, 1.25, 27.0, 6.75, 0.0, 0.0, 0, 0, 5.25, 1.5, 6.75, 21, 6, 27, 0.0, 0.0], [2, 3, 20174347.0, 6724782.333333332, 0, 0.0, 0.0, 3.0, 1.0, 21.0, 7.0, 0.0, 0.0, 6.0, 2.0, 101.0, 33.666666666666664, 0.0, 0.0, 0, 0, 17.0, 0.3333333333333333, 17.333333333333332, 51, 1, 52, 0.0, 0.0]], False]
[[538031.0, 2, 3, 0, 1, 33, 0, 0, 1, 2, 0, 0, 0.0], [[1, 1, 9275.0, 9275.0, 0, 0.0, 0.0, 0.0, 0.0, 4.0, 4.0, 0.0, 0.0, 1.0, 1.0, 41.0, 41.0, 0.0, 0.0, 0, 0, 21.0, 2.0, 23.0, 21, 2, 23, 0.0, 0.0]], False]
[[84596.0, 3, 0, 0, 2, 36, 0, 0, 0, 4, 1, 1, 0.25], [[2, 2, 19559484.0, 9779742.0, 0, 0.0, 0.0, 0.0, 0.0, 13.0, 6.5, 0.0, 0.0, 2.0, 1.0, 42.0, 21.0, 0.0, 0.0, 0, 0, 3.0, 0.5, 3.5, 6, 1, 7, 0.0, 0.0], [8, 8, 28192033.0, 3524004.125, 0, 0.0, 0.0, 16.0, 2.0, 34.0, 4.25, 0.0, 0.0, 13.0, 1.625, 248.0, 31.0, 0.0, 0.0, 0, 0, 9.75, 2.5, 12.25, 78, 20, 98, 0.078125, 0.0], [2, 3, 2002878.0, 667626.0, 1, 208802.0, 208802.0, 19.0, 6.333333333333332, 10.0, 3.333333333333333, 0.0, 0.0, 3.0, 1.0, 1672.0, 557.3333333333334, 0.0, 0.0, 0, 0, 11.666666666666664, 10.666666666666666, 22.33333333333333, 35, 32, 67, 0.0, 0.3333333333333333], [3, 3, 20110628.0, 6703542.666666668, 0, 0.0, 0.0, 5.0, 1.6666666666666667, 21.0, 7.0, 0.0, 0.0, 7.0, 2.333333333333333, 144.0, 48.0, 0.0, 0.0, 0, 0, 19.33333333333333, 0.6666666666666666, 20.0, 58, 2, 60, 0.0, 0.0]], False]
[[425914.0, 0, 0, 0, 1, 9, 0, 0, 0, 1, 0, 0, 0.0], [[2, 2, 16782103.0, 8391051.5, 0, 0.0, 0.0, 0.0, 0.0, 5.0, 2.5, 0.0, 0.0, 2.0, 1.0, 79.0, 39.5, 0.0, 0.0, 0, 0, 37.5, 2.0, 39.5, 75, 4, 79, 0.0, 0.0]], False]
[[4444.0, 0, 3, 0, 2, 12, 0, 0, 2, 2, 0, 0, 0.0], [], False]
[[65582.0, 0, 1, 0, 1, 21, 0, 0, 1, 1, 0, 0, 0.0], [], False]
[[66595.0, 0, 1, 0, 1, 10, 0, 0, 1, 2, 0, 0, 0.0], [[2, 2, 472517.0, 236258.5, 0, 0.0, 0.0, 0.0, 0.0, 7.0, 3.5, 0.0, 0.0, 2.0, 1.0, 17.0, 8.5, 0.0, 0.0, 0, 0, 6.5, 2.0, 8.5, 13, 4, 17, 0.0, 0.0]], False]
[[29185.0, 0, 0, 0, 1, 2, 0, 0, 1, 1, 0, 0, 0.0], [], False]
[[1180.0, 0, 3, 0, 2, 14, 0, 0, 0, 1, 0, 0, 0.0], [[3, 3, 624867.0, 208289.0, 0, 0.0, 0.0, 0.0, 0.0, 6.0, 2.0, 0.0, 0.0, 3.0, 1.0, 13.0, 4.333333333333333, 0.0, 0.0, 0, 0, 2.6666666666666665, 1.6666666666666667, 4.333333333333333, 8, 5, 13, 0.0, 0.0]], False]
[[4515.0, 0, 2, 0, 1, 5, 0, 0, 0, 1, 0, 0, 0.0], [[1, 1, 19554969.0, 19554969.0, 0, 0.0, 0.0, 0.0, 0.0, 11.0, 11.0, 0.0, 0.0, 1.0, 1.0, 37.0, 37.0, 0.0, 0.0, 0, 0, 1.0, 1.0, 2.0, 1, 1, 2, 0.0, 0.0]], False]
[[192533.0, 11, 6, 0, 1, 777, 0, 0, 5, 12, 0, 0, 0.0], [[1, 1, 1809684.0, 1809684.0, 0, 0.0, 0.0, 8.0, 8.0, 3.0, 3.0, 0.0, 0.0, 1.0, 1.0, 118.0, 118.0, 0.0, 0.0, 0, 0, 16.0, 13.0, 29.0, 16, 13, 29, 0.0, 0.0], [1, 1, 1809684.0, 1809684.0, 0, 0.0, 0.0, 8.0, 8.0, 3.0, 3.0, 0.0, 0.0, 1.0, 1.0, 118.0, 118.0, 0.0, 0.0, 0, 0, 7.0, 0.0, 7.0, 7, 0, 7, 0.0, 0.0], [1, 1, 1809684.0, 1809684.0, 0, 0.0, 0.0, 8.0, 8.0, 3.0, 3.0, 0.0, 0.0, 1.0, 1.0, 118.0, 118.0, 0.0, 0.0, 0, 0, 21.0, 0.0, 21.0, 21, 0, 21, 0.10144927536231883, 0.0], [1, 1, 1809684.0, 1809684.0, 0, 0.0, 0.0, 8.0, 8.0, 3.0, 3.0, 0.0, 0.0, 1.0, 1.0, 118.0, 118.0, 0.0, 0.0, 0, 0, 20.0, 16.0, 36.0, 20, 16, 36, 0.0, 0.0], [1, 1, 1809684.0, 1809684.0, 0, 0.0, 0.0, 8.0, 8.0, 3.0, 3.0, 0.0, 0.0, 1.0, 1.0, 118.0, 118.0, 0.0, 0.0, 0, 0, 2.0, 0.0, 2.0, 2, 0, 2, 0.0, 0.0], [1, 1, 1809684.0, 1809684.0, 0, 0.0, 0.0, 8.0, 8.0, 3.0, 3.0, 0.0, 0.0, 1.0, 1.0, 118.0, 118.0, 0.0, 0.0, 0, 0, 13.0, 0.0, 13.0, 13, 0, 13, 0.0, 0.0], [1, 1, 1809684.0, 1809684.0, 0, 0.0, 0.0, 8.0, 8.0, 3.0, 3.0, 0.0, 0.0, 1.0, 1.0, 118.0, 118.0, 0.0, 0.0, 0, 0, 9.0, 0.0, 9.0, 9, 0, 9, 0.0, 0.0]], True]
[[661.0, 0, 1, 0, 1, 777, 0, 0, 0, 12, 0, 0, 0.0], [[1, 1, 192533.0, 192533.0, 0, 0.0, 0.0, 11.0, 11.0, 6.0, 6.0, 0.0, 0.0, 1.0, 1.0, 777.0, 777.0, 0.0, 0.0, 0, 0, 253.0, 0.0, 253.0, 253, 0, 253, 0.0945945945945946, 0.0], [1, 1, 192533.0, 192533.0, 0, 0.0, 0.0, 11.0, 11.0, 6.0, 6.0, 0.0, 0.0, 1.0, 1.0, 777.0, 777.0, 0.0, 0.0, 0, 0, 12.0, 2.0, 14.0, 12, 2, 14, 0.0, 0.0], [1, 2, 2002217.0, 1001108.5, 0, 0.0, 0.0, 19.0, 9.5, 9.0, 4.5, 0.0, 0.0, 2.0, 1.0, 895.0, 447.5, 0.0, 0.0, 0, 0, 12.0, 12.0, 24.0, 24, 24, 48, 0.0, 0.0], [1, 2, 2002217.0, 1001108.5, 0, 0.0, 0.0, 19.0, 9.5, 9.0, 4.5, 0.0, 0.0, 2.0, 1.0, 895.0, 447.5, 0.0, 0.0, 0, 0, 3.5, 16.0, 19.5, 7, 32, 39, 0.0, 0.0], [1, 2, 2002217.0, 1001108.5, 0, 0.0, 0.0, 19.0, 9.5, 9.0, 4.5, 0.0, 0.0, 2.0, 1.0, 895.0, 447.5, 0.0, 0.0, 0, 0, 10.5, 90.0, 100.5, 21, 180, 201, 0.10810810810810813, 0.0], [1, 1, 192533.0, 192533.0, 0, 0.0, 0.0, 11.0, 11.0, 6.0, 6.0, 0.0, 0.0, 1.0, 1.0, 777.0, 777.0, 0.0, 0.0, 0, 0, 140.0, 0.0, 140.0, 140, 0, 140, 0.0, 0.0], [1, 1, 192533.0, 192533.0, 0, 0.0, 0.0, 11.0, 11.0, 6.0, 6.0, 0.0, 0.0, 1.0, 1.0, 777.0, 777.0, 0.0, 0.0, 0, 0, 1.0, 1.0, 2.0, 1, 1, 2, 0.0, 0.0], [1, 2, 2002217.0, 1001108.5, 0, 0.0, 0.0, 19.0, 9.5, 9.0, 4.5, 0.0, 0.0, 2.0, 1.0, 895.0, 447.5, 0.0, 0.0, 0, 0, 11.5, 9.5, 21.0, 23, 19, 42, 0.0, 0.0], [1, 2, 2002217.0, 1001108.5, 0, 0.0, 0.0, 19.0, 9.5, 9.0, 4.5, 0.0, 0.0, 2.0, 1.0, 895.0, 447.5, 0.0, 0.0, 0, 0, 1.0, 1.0, 2.0, 2, 2, 4, 0.0, 0.0], [1, 2, 2002217.0, 1001108.5, 0, 0.0, 0.0, 19.0, 9.5, 9.0, 4.5, 0.0, 0.0, 2.0, 1.0, 895.0, 447.5, 0.0, 0.0, 0, 0, 6.5, 19.5, 26.0, 13, 39, 52, 0.0, 0.0], [1, 1, 192533.0, 192533.0, 0, 0.0, 0.0, 11.0, 11.0, 6.0, 6.0, 0.0, 0.0, 1.0, 1.0, 777.0, 777.0, 0.0, 0.0, 0, 0, 2.0, 6.0, 8.0, 2, 6, 8, 0.0, 0.0], [1, 2, 2002217.0, 1001108.5, 0, 0.0, 0.0, 19.0, 9.5, 9.0, 4.5, 0.0, 0.0, 2.0, 1.0, 895.0, 447.5, 0.0, 0.0, 0, 0, 8.5, 37.0, 45.5, 17, 74, 91, 0.040540540540540536, 0.0]], False]
[[404565.0, 2, 5, 0, 1, 4, 0, 0, 1, 1, 0, 0, 0.0], [], False]
[[6615.0, 0, 1, 0, 1, 12, 0, 0, 1, 1, 0, 0, 0.0], [], False]
[[446.0, 0, 0, 0, 1, 4, 0, 0, 0, 1, 0, 0, 0.0], [[2, 2, 624421.0, 312210.5, 0, 0.0, 0.0, 0.0, 0.0, 6.0, 3.0, 0.0, 0.0, 2.0, 1.0, 9.0, 4.5, 0.0, 0.0, 0, 0, 4.0, 0.5, 4.5, 8, 1, 9, 0.0, 0.0]], False]
[[63466.0, 0, 2, 0, 1, 3, 0, 0, 1, 1, 0, 0, 0.0], [], False]
[[519286.0, 0, 1, 0, 1, 7, 0, 0, 0, 1, 0, 0, 0.0], [[1, 1, 105135.0, 105135.0, 0, 0.0, 0.0, 0.0, 0.0, 5.0, 5.0, 0.0, 0.0, 1.0, 1.0, 2.0, 2.0, 0.0, 0.0, 0, 0, 1.0, 1.0, 2.0, 1, 1, 2, 0.0, 0.0]], False]
[[3830.0, 0, 2, 0, 1, 262, 0, 0, 0, 1, 0, 0, 0.0], [[2, 2, 4531727.0, 2265863.5, 0, 0.0, 0.0, 0.0, 0.0, 6.0, 3.0, 0.0, 0.0, 2.0, 1.0, 17.0, 8.5, 0.0, 0.0, 0, 0, 1.5, 1.0, 2.5, 3, 2, 5, 0.0, 0.0]], False]
[[5691.0, 0, 0, 0, 1, 394, 0, 0, 0, 1, 0, 0, 0.0], [[2, 2, 4531727.0, 2265863.5, 0, 0.0, 0.0, 0.0, 0.0, 6.0, 3.0, 0.0, 0.0, 2.0, 1.0, 17.0, 8.5, 0.0, 0.0, 0, 0, 1.5, 1.0, 2.5, 3, 2, 5, 0.0, 0.0]], False]
[[1130956.0, 9, 4, 0, 1, 65, 0, 0, 0, 3, 0, 0, 0.0], [[1, 1, 4211778.0, 4211778.0, 0, 0.0, 0.0, 42.0, 42.0, 30.0, 30.0, 0.0, 0.0, 1.0, 1.0, 470.0, 470.0, 0.0, 0.0, 0, 0, 15.0, 3.0, 18.0, 15, 3, 18, 0.08823529411764706, 0.0], [1, 1, 4211778.0, 4211778.0, 0, 0.0, 0.0, 42.0, 42.0, 30.0, 30.0, 0.0, 0.0, 1.0, 1.0, 470.0, 470.0, 0.0, 0.0, 0, 0, 64.0, 7.0, 71.0, 64, 7, 71, 0.16176470588235295, 0.0], [1, 2, 4212099.0, 2106049.5, 0, 0.0, 0.0, 42.0, 21.0, 30.0, 15.0, 0.0, 0.0, 2.0, 1.0, 1532.0, 766.0, 0.0, 0.0, 0, 0, 418.5, 272.5, 691.0, 837, 545, 1382, 0.3382352941176471, 0.0]], False]
[[12994.0, 0, 0, 0, 1, 2, 0, 0, 1, 1, 0, 0, 0.0], [], False]
[[776.0, 0, 2, 0, 1, 41, 0, 0, 2, 4, 0, 0, 0.0], [[2, 2, 19558996.0, 9779498.0, 0, 0.0, 0.0, 0.0, 0.0, 11.0, 5.5, 0.0, 0.0, 2.0, 1.0, 48.0, 24.0, 0.0, 0.0, 0, 0, 3.5, 0.5, 4.0, 7, 1, 8, 0.0, 0.0], [2, 2, 19610726.0, 9805363.0, 0, 0.0, 0.0, 0.0, 0.0, 12.0, 6.0, 0.0, 0.0, 2.0, 1.0, 64.0, 32.0, 0.0, 0.0, 0, 0, 12.5, 0.0, 12.5, 25, 0, 25, 0.0, 0.0]], False]
[[9275.0, 0, 4, 0, 1, 41, 0, 0, 2, 3, 0, 0, 0.0], [[1, 1, 190178.0, 190178.0, 0, 0.0, 0.0, 1.0, 1.0, 5.0, 5.0, 0.0, 0.0, 2.0, 2.0, 12.0, 12.0, 0.0, 0.0, 0, 0, 5.0, 6.0, 11.0, 5, 6, 11, 0.014285714285714284, 0.0]], False]
[[43928.0, 0, 0, 0, 1, 3, 0, 0, 1, 1, 0, 0, 0.0], [], False]
[[18407.0, 0, 4, 0, 1, 2, 0, 0, 1, 1, 0, 0, 0.0], [], False]
[[122025.0, 0, 1, 0, 1, 6, 0, 0, 0, 1, 0, 0, 0.0], [[1, 1, 154903.0, 154903.0, 0, 0.0, 0.0, 2.0, 2.0, 0.0, 0.0, 0.0, 0.0, 2.0, 2.0, 12.0, 12.0, 0.0, 0.0, 0, 0, 12.0, 0.0, 12.0, 12, 0, 12, 0.02083333333333333, 0.0]], False]
[[13407.0, 0, 2, 0, 2, 39, 0, 0, 1, 2, 0, 0, 0.0], [[1, 1, 797.0, 797.0, 0, 0.0, 0.0, 0.0, 0.0, 0.0, 0.0, 0.0, 0.0, 1.0, 1.0, 17.0, 17.0, 0.0, 0.0, 0, 0, 9.0, 8.0, 17.0, 9, 8, 17, 0.0, 0.0]], False]
[[105135.0, 0, 5, 0, 1, 2, 0, 0, 0, 1, 0, 0, 0.0], [[1, 1, 422973.0, 422973.0, 0, 0.0, 0.0, 4.0, 4.0, 4.0, 4.0, 0.0, 0.0, 1.0, 1.0, 58.0, 58.0, 0.0, 0.0, 0, 0, 32.0, 26.0, 58.0, 32, 26, 58, 0.041237113402061855, 0.0]], False]
[[348.0, 0, 0, 0, 1, 4, 0, 0, 0, 1, 0, 0, 0.0], [[2, 2, 47968.0, 23984.0, 0, 0.0, 0.0, 0.0, 0.0, 2.0, 1.0, 0.0, 0.0, 2.0, 1.0, 3.0, 1.5, 0.0, 0.0, 0, 0, 1.0, 0.5, 1.5, 2, 1, 3, 0.0, 0.0]], False]
[[4839767.0, 0, 4, 0, 1, 10, 0, 0, 1, 1, 0, 0, 0.0], [], False]
[[1809684.0, 8, 3, 0, 1, 118, 0, 0, 8, 8, 0, 0, 0.0], [], False]
[[362132.0, 0, 4, 0, 1, 5, 0, 0, 0, 1, 0, 0, 0.0], [[4, 4, 5676465.0, 1419116.25, 0, 0.0, 0.0, 2.0, 0.5, 22.0, 5.5, 0.0, 0.0, 10.0, 2.5, 149.0, 37.25, 0.0, 0.0, 0, 0, 4.666666666666667, 2.0, 6.666666666666668, 14, 6, 20, 0.012578616352201259, 0.0]], False]
[[1434.0, 0, 1, 0, 1, 2, 0, 0, 0, 1, 0, 0, 0.0], [[11, 14, 27358550.0, 1954182.1428571432, 0, 0.0, 0.0, 34.0, 2.4285714285714284, 48.0, 3.4285714285714284, 0.0, 0.0, 24.0, 1.7142857142857142, 670.0, 47.85714285714285, 0.0, 0.0, 0, 0, 17.5, 4.857142857142857, 22.357142857142854, 245, 68, 313, 0.11949685534591195, 0.0]], False]
[[321.0, 0, 0, 0, 1, 1062, 0, 0, 1, 1, 0, 0, 0.0], [], False]
[[534782.0, 0, 10, 0, 3, 28, 0, 0, 0, 2, 0, 0, 0.0], [[11, 13, 26823768.0, 2063366.7692307688, 0, 0.0, 0.0, 34.0, 2.6153846153846154, 38.0, 2.9230769230769234, 0.0, 0.0, 21.0, 1.6153846153846154, 642.0, 49.384615384615394, 0.0, 0.0, 0, 0, 18.53846153846154, 5.0, 23.538461538461537, 241, 65, 306, 0.11949685534591195, 0.0], [4, 4, 2290162.0, 572540.5, 0, 0.0, 0.0, 6.0, 1.5, 21.0, 5.25, 0.0, 0.0, 8.0, 2.0, 514.0, 128.5, 0.0, 0.0, 0, 0, 38.0, 3.75, 41.75, 152, 15, 167, 0.0, 0.0]], False]
[[110385.0, 0, 3, 0, 1, 12, 0, 0, 0, 1, 0, 0, 0.0], [[3, 3, 5566080.0, 1855360.0, 0, 0.0, 0.0, 2.0, 0.6666666666666666, 19.0, 6.333333333333332, 0.0, 0.0, 9.0, 3.0, 137.0, 45.66666666666666, 0.0, 0.0, 0, 0, 3.0, 1.0, 4.0, 6, 2, 8, 0.012578616352201259, 0.0]], False]
[[513629.0, 0, 1, 0, 1, 2, 0, 0, 1, 1, 0, 0, 0.0], [], False]
[[797.0, 0, 0, 0, 1, 17, 0, 0, 0, 1, 0, 0, 0.0], [[1, 1, 716237.0, 716237.0, 0, 0.0, 0.0, 0.0, 0.0, 10.0, 10.0, 0.0, 0.0, 6.0, 6.0, 129.0, 129.0, 0.0, 0.0, 0, 0, 0.0, 0.0, 0.0, 0, 0, 0, 0.0, 0.0]], False]
[[46116.0, 0, 1, 0, 1, 10, 0, 0, 0, 1, 0, 0, 0.0], [[11, 13, 26778261.0, 2059866.230769231, 0, 0.0, 0.0, 34.0, 2.6153846153846154, 37.0, 2.8461538461538463, 0.0, 0.0, 21.0, 1.6153846153846154, 634.0, 48.769230769230774, 0.0, 0.0, 0, 0, 17.846153846153847, 5.0769230769230775, 22.923076923076927, 232, 66, 298, 0.11875, 0.0]], False]
[[20877.0, 5, 0, 0, 3, 79, 0, 0, 1, 3, 0, 0, 0.0], [[10, 12, 26757384.0, 2229782.0, 0, 0.0, 0.0, 29.0, 2.4166666666666665, 37.0, 3.083333333333333, 0.0, 0.0, 18.0, 1.5, 555.0, 46.25, 0.0, 0.0, 0, 0, 15.75, 4.25, 20.0, 189, 51, 240, 0.0880503144654088, 0.0], [3, 3, 2269285.0, 756428.3333333335, 0, 0.0, 0.0, 1.0, 0.3333333333333333, 21.0, 7.0, 0.0, 0.0, 5.0, 1.6666666666666667, 435.0, 145.0, 0.0, 0.0, 0, 0, 44.66666666666666, 4.666666666666667, 49.33333333333334, 134, 14, 148, 0.0, 0.0]], False]
[[147660.0, 0, 0, 0, 1, 15, 0, 0, 1, 1, 0, 0, 0.0], [], False]
[[4211778.0, 42, 30, 0, 1, 470, 0, 0, 7, 10, 0, 0, 0.0], [[1, 1, 716237.0, 716237.0, 0, 0.0, 0.0, 0.0, 0.0, 10.0, 10.0, 0.0, 0.0, 6.0, 6.0, 129.0, 129.0, 0.0, 0.0, 0, 0, 0.0, 0.0, 0.0, 0, 0, 0, 0.0, 0.0], [1, 1, 321.0, 321.0, 0, 0.0, 0.0, 0.0, 0.0, 0.0, 0.0, 0.0, 0.0, 1.0, 1.0, 1062.0, 1062.0, 0.0, 0.0, 0, 0, 531.0, 531.0, 1062.0, 531, 531, 1062, 0.0, 0.0], [1, 1, 716237.0, 716237.0, 0, 0.0, 0.0, 0.0, 0.0, 10.0, 10.0, 0.0, 0.0, 6.0, 6.0, 129.0, 129.0, 0.0, 0.0, 0, 0, 0.0, 0.0, 0.0, 0, 0, 0, 0.0, 0.0]], False]
[[55757.0, 0, 1, 0, 1, 27, 0, 0, 0, 3, 0, 0, 0.0], [[7, 9, 18723529.0, 2080392.111111111, 0, 0.0, 0.0, 18.0, 2.0, 26.0, 2.888888888888889, 0.0, 0.0, 14.0, 1.5555555555555556, 463.0, 51.444444444444436, 0.0, 0.0, 0, 0, 19.444444444444443, 5.5555555555555545, 25.0, 175, 50, 225, 0.09032258064516127, 0.0], [1, 1, 716237.0, 716237.0, 0, 0.0, 0.0, 0.0, 0.0, 10.0, 10.0, 0.0, 0.0, 6.0, 6.0, 129.0, 129.0, 0.0, 0.0, 0, 0, 0.0, 0.0, 0.0, 0, 0, 0, 0.0, 0.0], [1, 1, 716237.0, 716237.0, 0, 0.0, 0.0, 0.0, 0.0, 10.0, 10.0, 0.0, 0.0, 6.0, 6.0, 129.0, 129.0, 0.0, 0.0, 0, 0, 0.0, 0.0, 0.0, 0, 0, 0, 0.0, 0.0]], False]
[[601013.0, 4, 4, 0, 1, 207, 0, 0, 2, 5, 3, 1, 0.6], [[3, 3, 508783.0, 169594.33333333337, 1, 271517.0, 271517.0, 2.0, 0.6666666666666666, 6.0, 2.0, 0.0, 0.0, 6.0, 2.0, 412.0, 137.33333333333334, 0.0, 0.0, 0, 0, 1.0, 1.0, 2.0, 3, 3, 6, 0.0, 0.3333333333333333], [2, 2, 255671.0, 127835.5, 1, 271517.0, 271517.0, 2.0, 1.0, 3.0, 1.5, 0.0, 0.0, 5.0, 2.5, 350.0, 175.0, 0.0, 0.0, 0, 0, 5.0, 5.0, 10.0, 10, 10, 20, 0.012903225806451613, 0.5], [3, 3, 508783.0, 169594.33333333337, 1, 271517.0, 271517.0, 2.0, 0.6666666666666666, 6.0, 2.0, 0.0, 0.0, 6.0, 2.0, 412.0, 137.33333333333334, 0.0, 0.0, 0, 0, 55.0, 55.0, 110.0, 165, 165, 330, 0.0, 0.3333333333333333]], False]
[[255427.0, 2, 3, 0, 4, 175, 0, 0, 1, 3, 0, 0, 0.0], [[1, 1, 253112.0, 253112.0, 0, 0.0, 0.0, 0.0, 0.0, 3.0, 3.0, 0.0, 0.0, 1.0, 1.0, 62.0, 62.0, 0.0, 0.0, 0, 0, 1.0, 1.0, 2.0, 1, 1, 2, 0.0, 0.0], [1, 1, 253112.0, 253112.0, 0, 0.0, 0.0, 0.0, 0.0, 3.0, 3.0, 0.0, 0.0, 1.0, 1.0, 62.0, 62.0, 0.0, 0.0, 0, 0, 2.0, 2.0, 4.0, 2, 2, 4, 0.0, 0.0]], True]
[[244.0, 0, 0, 0, 1, 175, 0, 0, 1, 3, 0, 0, 0.0], [[1, 1, 253112.0, 253112.0, 0, 0.0, 0.0, 0.0, 0.0, 3.0, 3.0, 0.0, 0.0, 1.0, 1.0, 62.0, 62.0, 0.0, 0.0, 0, 0, 1.0, 1.0, 2.0, 1, 1, 2, 0.0, 0.0], [1, 1, 253112.0, 253112.0, 0, 0.0, 0.0, 0.0, 0.0, 3.0, 3.0, 0.0, 0.0, 1.0, 1.0, 62.0, 62.0, 0.0, 0.0, 0, 0, 2.0, 2.0, 4.0, 2, 2, 4, 0.0, 0.0]], False]
[[372188.0, 3, 2, 0, 1, 35, 0, 0, 0, 1, 0, 0, 0.0], [[1, 1, 26399.0, 26399.0, 0, 0.0, 0.0, 0.0, 0.0, 1.0, 1.0, 0.0, 0.0, 1.0, 1.0, 2.0, 2.0, 0.0, 0.0, 0, 0, 1.0, 1.0, 2.0, 1, 1, 2, 0.0, 0.0]], False]
[[1651334.0, 11, 4, 0, 1, 58, 0, 0, 1, 2, 0, 0, 0.0], [[8, 10, 18779286.0, 1877928.6, 0, 0.0, 0.0, 18.0, 1.8, 27.0, 2.7, 0.0, 0.0, 15.0, 1.5, 490.0, 49.0, 0.0, 0.0, 0, 0, 18.2, 5.0, 23.2, 182, 50, 232, 0.08917197452229299, 0.0]], False]
[[268794.0, 0, 2, 0, 1, 2, 0, 0, 0, 1, 0, 0, 0.0], [[4, 4, 6059441.0, 1514860.25, 0, 0.0, 0.0, 7.0, 1.75, 33.0, 8.25, 0.0, 0.0, 13.0, 3.25, 302.0, 75.5, 0.0, 0.0, 0, 0, 22.66666666666667, 31.0, 53.66666666666666, 68, 93, 161, 0.04487179487179487, 0.0]], False]
[[84717.0, 1, 0, 0, 2, 17, 0, 0, 1, 1, 0, 0, 0.0], [], False]
[[190178.0, 1, 5, 0, 2, 12, 0, 0, 0, 2, 0, 0, 0.0], [[1, 1, 716237.0, 716237.0, 0, 0.0, 0.0, 0.0, 0.0, 10.0, 10.0, 0.0, 0.0, 6.0, 6.0, 129.0, 129.0, 0.0, 0.0, 0, 0, 23.0, 1.0, 24.0, 23, 1, 24, 0.0, 0.0], [3, 3, 1594227.0, 531409.0, 0, 0.0, 0.0, 0.0, 0.0, 19.0, 6.333333333333332, 0.0, 0.0, 9.0, 3.0, 220.0, 73.33333333333333, 0.0, 0.0, 0, 0, 32.0, 1.0, 33.0, 96, 3, 99, 0.0, 0.0]], False]
[[7827.0, 0, 4, 0, 1, 86, 0, 0, 10, 12, 0, 0, 0.0], [[1, 1, 189137.0, 189137.0, 0, 0.0, 0.0, 4.0, 4.0, 0.0, 0.0, 0.0, 0.0, 1.0, 1.0, 40.0, 40.0, 0.0, 0.0, 0, 0, 12.0, 4.0, 16.0, 12, 4, 16, 0.0, 0.0], [1, 1, 716237.0, 716237.0, 0, 0.0, 0.0, 0.0, 0.0, 10.0, 10.0, 0.0, 0.0, 6.0, 6.0, 129.0, 129.0, 0.0, 0.0, 0, 0, 93.0, 0.0, 93.0, 93, 0, 93, 0.0, 0.0]], False]
[[4027.0, 0, 0, 0, 1, 11, 0, 0, 0, 2, 0, 0, 0.0], [[2, 2, 922199.0, 461099.5, 0, 0.0, 0.0, 0.0, 0.0, 10.0, 5.0, 0.0, 0.0, 7.0, 3.5, 290.0, 145.0, 0.0, 0.0, 0, 0, 47.0, 23.0, 70.0, 47, 23, 70, 0.0, 0.0], [1, 1, 205962.0, 205962.0, 0, 0.0, 0.0, 0.0, 0.0, 0.0, 0.0, 0.0, 0.0, 1.0, 1.0, 161.0, 161.0, 0.0, 0.0, 0, 0, 6.0, 7.0, 13.0, 6, 7, 13, 0.0, 0.0]], False]
[[4016752.0, 2, 5, 0, 2, 90, 0, 0, 0, 2, 0, 0, 0.0], [[6, 6, 3765882.0, 627647.0, 0, 0.0, 0.0, 11.0, 1.8333333333333333, 51.0, 8.5, 0.0, 0.0, 20.0, 3.333333333333333, 706.0, 117.66666666666669, 0.0, 0.0, 0, 0, 1.0, 0.0, 1.0, 6, 0, 6, 0.006329113924050633, 0.0], [2, 2, 2090292.0, 1045146.0, 0, 0.0, 0.0, 10.0, 5.0, 27.0, 13.5, 0.0, 0.0, 13.0, 6.5, 386.0, 193.0, 0.0, 0.0, 0, 0, 48.0, 2.5, 50.5, 96, 5, 101, 0.05063291139240506, 0.0]], False]
[[1775862.0, 2, 11, 0, 5, 294, 0, 0, 1, 2, 0, 0, 0.0], [[1, 1, 314430.0, 314430.0, 0, 0.0, 0.0, 8.0, 8.0, 16.0, 16.0, 0.0, 0.0, 8.0, 8.0, 92.0, 92.0, 0.0, 0.0, 0, 0, 88.0, 3.0, 91.0, 88, 3, 91, 0.05063291139240506, 0.0]], False]
[[314430.0, 8, 16, 0, 8, 92, 0, 0, 1, 2, 0, 0, 0.0], [[4, 4, 2581289.0, 645322.25, 0, 0.0, 0.0, 3.0, 0.75, 30.0, 7.5, 0.0, 0.0, 10.0, 2.5, 609.0, 152.25, 0.0, 0.0, 0, 0, 1.0, 0.0, 1.0, 4, 0, 4, 0.006802721088435374, 0.0]], False]
[[870163.0, 0, 5, 0, 2, 5, 0, 0, 0, 2, 0, 0, 0.0], [[5, 5, 2895719.0, 579143.8, 0, 0.0, 0.0, 11.0, 2.2, 46.0, 9.2, 0.0, 0.0, 18.0, 3.6, 701.0, 140.2, 0.0, 0.0, 0, 0, 1.0, 0.0, 1.0, 5, 0, 5, 0.006329113924050633, 0.0], [2, 2, 724064.0, 362032.0, 0, 0.0, 0.0, 0.0, 0.0, 14.0, 7.0, 0.0, 0.0, 7.0, 3.5, 215.0, 107.5, 0.0, 0.0, 0, 0, 47.0, 0.5, 47.5, 94, 1, 95, 0.0, 0.0]], False]
[[1035633.0, 0, 0, 0, 1, 116, 0, 0, 0, 2, 0, 0, 0.0], [[3, 3, 1574160.0, 524720.0, 0, 0.0, 0.0, 4.0, 1.3333333333333333, 6.0, 2.0, 0.0, 0.0, 4.0, 1.3333333333333333, 125.0, 41.66666666666666, 0.0, 0.0, 0, 0, 3.6666666666666665, 1.6666666666666667, 5.333333333333333, 11, 5, 16, 0.0, 0.0], [10, 12, 25135124.0, 2094593.666666667, 0, 0.0, 0.0, 18.0, 1.5, 39.0, 3.25, 0.0, 0.0, 17.0, 1.4166666666666667, 1662.0, 138.5, 0.0, 0.0, 0, 0, 15.416666666666664, 4.916666666666667, 20.33333333333333, 185, 59, 244, 0.09523809523809523, 0.0]], False]
[[790374.0, 0, 0, 0, 1, 4, 0, 0, 0, 1, 1, 1, 1.0], [[2, 2, 2753951.0, 1376975.5, 1, 2662364.0, 2662364.0, 2.0, 1.0, 16.0, 8.0, 0.0, 0.0, 2.0, 1.0, 8.0, 4.0, 0.0, 0.0, 0, 0, 2.0, 2.0, 4.0, 4, 4, 8, 0.013605442176870748, 0.5]], False]
[[262914.0, 0, 5, 0, 1, 17, 0, 0, 0, 2, 0, 0, 0.0], [[2, 2, 1311246.0, 655623.0, 0, 0.0, 0.0, 4.0, 2.0, 1.0, 0.5, 0.0, 0.0, 3.0, 1.5, 108.0, 54.0, 0.0, 0.0, 0, 0, 2.0, 2.5, 4.5, 4, 5, 9, 0.0, 0.0], [10, 11, 11410450.0, 1037313.6363636364, 0, 0.0, 0.0, 13.0, 1.181818181818182, 36.0, 3.272727272727273, 0.0, 0.0, 16.0, 1.4545454545454546, 1674.0, 152.1818181818182, 0.0, 0.0, 0, 0, 17.09090909090909, 5.0, 22.09090909090909, 188, 55, 243, 0.05732484076433121, 0.0]], False]
[[16718637.0, 0, 3, 0, 1, 76, 0, 0, 0, 1, 0, 0, 0.0], [[1, 1, 63466.0, 63466.0, 0, 0.0, 0.0, 0.0, 0.0, 2.0, 2.0, 0.0, 0.0, 1.0, 1.0, 3.0, 3.0, 0.0, 0.0, 0, 0, 3.0, 0.0, 3.0, 3, 0, 3, 0.0, 0.0]], False]
[[3857.0, 0, 0, 0, 1, 1, 0, 0, 0, 1, 0, 0, 0.0], [[9, 11, 11829616.0, 1075419.6363636365, 0, 0.0, 0.0, 13.0, 1.181818181818182, 39.0, 3.5454545454545454, 0.0, 0.0, 16.0, 1.4545454545454546, 1751.0, 159.1818181818182, 0.0, 0.0, 0, 0, 21.727272727272727, 7.363636363636362, 29.09090909090909, 239, 81, 320, 0.05660377358490566, 0.0]], False]
[[36008.0, 0, 0, 0, 1, 15, 0, 0, 0, 1, 0, 0, 0.0], [[2, 2, 5187566.0, 2593783.0, 0, 0.0, 0.0, 2.0, 1.0, 12.0, 6.0, 0.0, 0.0, 3.0, 1.5, 38.0, 19.0, 0.0, 0.0, 0, 0, 14.0, 5.0, 19.0, 28, 10, 38, 0.012422360248447204, 0.0]], False]
[[4102.0, 0, 0, 0, 1, 1, 0, 0, 0, 1, 0, 0, 0.0], [[2, 2, 3542262.0, 1771131.0, 0, 0.0, 0.0, 0.0, 0.0, 5.0, 2.5, 0.0, 0.0, 2.0, 1.0, 15.0, 7.5, 0.0, 0.0, 0, 0, 5.5, 2.0, 7.5, 11, 4, 15, 0.0, 0.0]], False]
[[76044.0, 0, 1, 0, 2, 21, 0, 0, 1, 2, 0, 0, 0.0], [[2, 2, 969349.0, 484674.5, 0, 0.0, 0.0, 0.0, 0.0, 13.0, 6.5, 0.0, 0.0, 7.0, 3.5, 191.0, 95.5, 0.0, 0.0, 0, 0, 1.0, 1.0, 2.0, 1, 1, 2, 0.0, 0.0]], False]
[[38862.0, 0, 1, 0, 1, 1, 0, 0, 0, 1, 0, 0, 0.0], [[2, 2, 161435.0, 80717.5, 0, 0.0, 0.0, 0.0, 0.0, 3.0, 1.5, 0.0, 0.0, 2.0, 1.0, 10.0, 5.0, 0.0, 0.0, 0, 0, 2.5, 2.5, 5.0, 5, 5, 10, 0.0, 0.0]], False]
[[6326764.0, 0, 6, 0, 2, 7, 0, 0, 0, 1, 0, 0, 0.0], [[8, 10, 18779286.0, 1877928.6, 0, 0.0, 0.0, 18.0, 1.8, 27.0, 2.7, 0.0, 0.0, 15.0, 1.5, 490.0, 49.0, 0.0, 0.0, 0, 0, 18.2, 5.0, 23.2, 182, 50, 232, 0.08917197452229299, 0.0]], False]
[[154903.0, 2, 0, 0, 2, 12, 0, 0, 0, 1, 0, 0, 0.0], [[2, 2, 717320.0, 358660.0, 0, 0.0, 0.0, 0.0, 0.0, 10.0, 5.0, 0.0, 0.0, 7.0, 3.5, 133.0, 66.5, 0.0, 0.0, 0, 0, 4.0, 0.0, 4.0, 4, 0, 4, 0.0, 0.0]], False]
[[457839.0, 2, 5, 0, 1, 2, 0, 0, 0, 1, 0, 0, 0.0], [[1, 1, 716237.0, 716237.0, 0, 0.0, 0.0, 0.0, 0.0, 10.0, 10.0, 0.0, 0.0, 6.0, 6.0, 129.0, 129.0, 0.0, 0.0, 0, 0, 0.0, 0.0, 0.0, 0, 0, 0, 0.0, 0.0]], False]
[[77901.0, 0, 0, 0, 1, 38, 0, 0, 5, 7, 0, 0, 0.0], [[1, 1, 716237.0, 716237.0, 0, 0.0, 0.0, 0.0, 0.0, 10.0, 10.0, 0.0, 0.0, 6.0, 6.0, 129.0, 129.0, 0.0, 0.0, 0, 0, 0.0, 0.0, 0.0, 0, 0, 0, 0.0, 0.0], [1, 1, 1411614.0, 1411614.0, 0, 0.0, 0.0, 1.0, 1.0, 19.0, 19.0, 0.0, 0.0, 1.0, 1.0, 26.0, 26.0, 0.0, 0.0, 0, 0, 10.0, 2.0, 12.0, 10, 2, 12, 0.0, 0.0]], False]
[[253112.0, 0, 3, 0, 1, 62, 0, 0, 17, 22, 0, 0, 0.0], [[1, 1, 716237.0, 716237.0, 0, 0.0, 0.0, 0.0, 0.0, 10.0, 10.0, 0.0, 0.0, 6.0, 6.0, 129.0, 129.0, 0.0, 0.0, 0, 0, 0.0, 0.0, 0.0, 0, 0, 0, 0.0, 0.0], [1, 1, 147135.0, 147135.0, 0, 0.0, 0.0, 4.0, 4.0, 2.0, 2.0, 0.0, 0.0, 1.0, 1.0, 105.0, 105.0, 0.0, 0.0, 0, 0, 5.0, 22.0, 27.0, 5, 22, 27, 0.0, 0.0], [1, 2, 833054.0, 416527.0, 0, 0.0, 0.0, 0.0, 0.0, 7.0, 3.5, 0.0, 0.0, 2.0, 1.0, 66.0, 33.0, 0.0, 0.0, 0, 0, 28.0, 0.0, 28.0, 56, 0, 56, 0.0, 0.0], [1, 1, 716237.0, 716237.0, 0, 0.0, 0.0, 0.0, 0.0, 10.0, 10.0, 0.0, 0.0, 6.0, 6.0, 129.0, 129.0, 0.0, 0.0, 0, 0, 0.0, 0.0, 0.0, 0, 0, 0, 0.0, 0.0], [2, 3, 1556872.0, 518957.33333333326, 0, 0.0, 0.0, 4.0, 1.3333333333333333, 16.0, 5.333333333333333, 0.0, 0.0, 8.0, 2.6666666666666665, 472.0, 157.33333333333334, 0.0, 0.0, 0, 0, 15.0, 0.0, 15.0, 30, 0, 30, 0.0, 0.0]], False]
[[171174.0, 6, 4, 0, 2, 18, 0, 0, 0, 1, 0, 0, 0.0], [[4, 5, 2498241.0, 499648.2, 0, 0.0, 0.0, 4.0, 0.8, 41.0, 8.2, 0.0, 0.0, 16.0, 3.2, 402.0, 80.4, 0.0, 0.0, 0, 0, 23.75, 32.25, 56.0, 95, 129, 224, 0.02325581395348837, 0.0]], False]
[[16355.0, 5, 2, 0, 2, 13, 0, 0, 0, 1, 0, 0, 0.0], [[1, 1, 5984702.0, 5984702.0, 0, 0.0, 0.0, 0.0, 0.0, 9.0, 9.0, 0.0, 0.0, 1.0, 1.0, 1279.0, 1279.0, 0.0, 0.0, 0, 0, 650.0, 0.0, 650.0, 650, 0, 650, 0.0, 0.0]], False]
[[595874.0, 0, 8, 0, 1, 67, 0, 0, 1, 1, 0, 0, 0.0], [], False]
[[549141.0, 1, 1, 0, 2, 4, 0, 0, 0, 1, 0, 0, 0.0], [[2, 2, 6001057.0, 3000528.5, 0, 0.0, 0.0, 5.0, 2.5, 11.0, 5.5, 0.0, 0.0, 3.0, 1.5, 1292.0, 646.0, 0.0, 0.0, 0, 0, 331.5, 0.0, 331.5, 663, 0, 663, 0.02906976744186046, 0.0]], False]
[[4392004.0, 0, 4, 0, 2, 6, 0, 0, 0, 1, 0, 0, 0.0], [[2, 2, 1174076.0, 587038.0, 0, 0.0, 0.0, 2.0, 1.0, 15.0, 7.5, 0.0, 0.0, 7.0, 3.5, 131.0, 65.5, 0.0, 0.0, 0, 0, 1.0, 1.0, 2.0, 1, 1, 2, 0.013605442176870748, 0.0]], False]
[[422973.0, 4, 4, 0, 1, 58, 0, 0, 0, 1, 0, 0, 0.0], [[2, 2, 725892.0, 362946.0, 0, 0.0, 0.0, 1.0, 0.5, 2.0, 1.0, 0.0, 0.0, 2.0, 1.0, 57.0, 28.5, 0.0, 0.0, 0, 0, 11.5, 0.0, 11.5, 23, 0, 23, 0.0, 0.0]], False]
[[9106.0, 0, 1, 0, 1, 2, 0, 0, 0, 1, 0, 0, 0.0], [[4, 5, 909129.0, 181825.8, 0, 0.0, 0.0, 11.0, 2.2, 11.0, 2.2, 0.0, 0.0, 5.0, 1.0, 6127.0, 1225.4, 0.0, 0.0, 0, 0, 124.6, 5.2, 129.8, 623, 26, 649, 0.0, 0.0]], False]
[[4262933.0, 0, 4, 0, 1, 15, 0, 0, 0, 5, 0, 0, 0.0], [[1, 1, 553689.0, 553689.0, 0, 0.0, 0.0, 0.0, 0.0, 7.0, 7.0, 0.0, 0.0, 1.0, 1.0, 60.0, 60.0, 0.0, 0.0, 0, 0, 8.0, 4.0, 12.0, 8, 4, 12, 0.0, 0.0], [1, 1, 553689.0, 553689.0, 0, 0.0, 0.0, 0.0, 0.0, 7.0, 7.0, 0.0, 0.0, 1.0, 1.0, 60.0, 60.0, 0.0, 0.0, 0, 0, 8.0, 4.0, 12.0, 8, 4, 12, 0.0, 0.0], [1, 1, 553689.0, 553689.0, 0, 0.0, 0.0, 0.0, 0.0, 7.0, 7.0, 0.0, 0.0, 1.0, 1.0, 60.0, 60.0, 0.0, 0.0, 0, 0, 8.0, 4.0, 12.0, 8, 4, 12, 0.0, 0.0], [1, 1, 553689.0, 553689.0, 0, 0.0, 0.0, 0.0, 0.0, 7.0, 7.0, 0.0, 0.0, 1.0, 1.0, 60.0, 60.0, 0.0, 0.0, 0, 0, 8.0, 4.0, 12.0, 8, 4, 12, 0.0, 0.0], [4, 4, 2350197.0, 587549.25, 0, 0.0, 0.0, 7.0, 1.75, 36.0, 9.0, 0.0, 0.0, 13.0, 3.25, 347.0, 86.75, 0.0, 0.0, 0, 0, 24.66666666666667, 32.0, 56.66666666666666, 74, 96, 170, 0.044585987261146494, 0.0]], False]
[[26399.0, 0, 1, 0, 1, 2, 0, 0, 1, 1, 0, 0, 0.0], [], False]
[[1286.0, 0, 0, 0, 1, 6, 0, 0, 1, 1, 0, 0, 0.0], [], False]
[[449791.0, 8, 0, 0, 4, 21, 0, 0, 0, 1, 0, 0, 0.0], [[9, 13, 11126094.0, 855853.3846153845, 0, 0.0, 0.0, 10.0, 0.7692307692307693, 45.0, 3.4615384615384617, 0.0, 0.0, 15.0, 1.1538461538461535, 2009.0, 154.53846153846158, 0.0, 0.0, 0, 0, 32.30769230769231, 9.692307692307693, 42.0, 420, 126, 546, 0.05263157894736842, 0.0]], False]
[[205962.0, 0, 0, 0, 1, 161, 0, 0, 0, 4, 0, 0, 0.0], [[1, 1, 716237.0, 716237.0, 0, 0.0, 0.0, 0.0, 0.0, 10.0, 10.0, 0.0, 0.0, 6.0, 6.0, 129.0, 129.0, 0.0, 0.0, 0, 0, 0.0, 0.0, 0.0, 0, 0, 0, 0.0, 0.0], [2, 2, 1409737.0, 704868.5, 0, 0.0, 0.0, 0.0, 0.0, 14.0, 7.0, 0.0, 0.0, 7.0, 3.5, 367.0, 183.5, 0.0, 0.0, 0, 0, 35.0, 10.0, 45.0, 35, 10, 45, 0.0, 0.0], [6, 8, 5362398.0, 670299.75, 0, 0.0, 0.0, 12.0, 1.5, 46.0, 5.75, 0.0, 0.0, 10.0, 1.25, 684.0, 85.5, 0.0, 0.0, 0, 0, 15.0, 7.125, 22.125, 120, 57, 177, 0.005882352941176471, 0.0], [1, 1, 43379.0, 43379.0, 0, 0.0, 0.0, 0.0, 0.0, 1.0, 1.0, 0.0, 0.0, 1.0, 1.0, 20.0, 20.0, 0.0, 0.0, 0, 0, 14.0, 6.0, 20.0, 14, 6, 20, 0.0, 0.0]], False]
[[65179.0, 0, 4, 0, 1, 26, 0, 0, 0, 2, 0, 0, 0.0], [[1, 1, 1423957.0, 1423957.0, 0, 0.0, 0.0, 4.0, 4.0, 5.0, 5.0, 0.0, 0.0, 1.0, 1.0, 23.0, 23.0, 0.0, 0.0, 0, 0, 13.0, 0.0, 13.0, 13, 0, 13, 0.03508771929824561, 0.0], [1, 1, 1423957.0, 1423957.0, 0, 0.0, 0.0, 4.0, 4.0, 5.0, 5.0, 0.0, 0.0, 1.0, 1.0, 23.0, 23.0, 0.0, 0.0, 0, 0, 10.0, 0.0, 10.0, 10, 0, 10, 0.0, 0.0]], False]
[[731932.0, 3, 0, 0, 1, 25, 0, 0, 1, 3, 0, 0, 0.0], [[2, 2, 723287.0, 361643.5, 0, 0.0, 0.0, 1.0, 0.5, 2.0, 1.0, 0.0, 0.0, 3.0, 1.5, 116.0, 58.0, 0.0, 0.0, 0, 0, 5.5, 3.5, 9.0, 11, 7, 18, 0.0, 0.0], [9, 13, 11126094.0, 855853.3846153845, 0, 0.0, 0.0, 10.0, 0.7692307692307693, 45.0, 3.4615384615384617, 0.0, 0.0, 15.0, 1.1538461538461535, 2009.0, 154.53846153846158, 0.0, 0.0, 0, 0, 32.30769230769231, 9.692307692307693, 42.0, 420, 126, 546, 0.05263157894736842, 0.0]], False]
[[1175291.0, 0, 9, 0, 2, 461, 0, 0, 1, 2, 0, 0, 0.0], [[4, 4, 1543012.0, 385753.0, 0, 0.0, 0.0, 3.0, 0.75, 29.0, 7.25, 0.0, 0.0, 11.0, 2.75, 194.0, 48.5, 0.0, 0.0, 0, 0, 1.0, 0.0, 1.0, 4, 0, 4, 0.005847953216374269, 0.0]], False]
[[2011.0, 0, 0, 0, 1, 2, 0, 0, 0, 1, 0, 0, 0.0], [[3, 3, 6048186.0, 2016062.0, 0, 0.0, 0.0, 6.0, 2.0, 13.0, 4.333333333333333, 0.0, 0.0, 5.0, 1.6666666666666667, 1294.0, 431.33333333333326, 0.0, 0.0, 0, 0, 1.6666666666666667, 210.33333333333331, 212.0, 5, 631, 636, 0.0, 0.0]], False]
[[45534.0, 0, 3, 0, 1, 10, 0, 0, 0, 2, 0, 0, 0.0], [[1, 1, 189137.0, 189137.0, 0, 0.0, 0.0, 4.0, 4.0, 0.0, 0.0, 0.0, 0.0, 1.0, 1.0, 40.0, 40.0, 0.0, 0.0, 0, 0, 5.0, 3.0, 8.0, 5, 3, 8, 0.0, 0.0], [1, 1, 189137.0, 189137.0, 0, 0.0, 0.0, 4.0, 4.0, 0.0, 0.0, 0.0, 0.0, 1.0, 1.0, 40.0, 40.0, 0.0, 0.0, 0, 0, 4.0, 2.0, 6.0, 4, 2, 6, 0.008771929824561403, 0.0]], False]
[[716237.0, 0, 10, 0, 6, 129, 0, 0, 2, 4, 0, 0, 0.0], [[3, 3, 826775.0, 275591.66666666674, 0, 0.0, 0.0, 3.0, 1.0, 19.0, 6.333333333333332, 0.0, 0.0, 5.0, 1.6666666666666667, 65.0, 21.66666666666667, 0.0, 0.0, 0, 0, 1.0, 0.0, 1.0, 3, 0, 3, 0.008771929824561403, 0.0], [1, 1, 311004.0, 311004.0, 0, 0.0, 0.0, 0.0, 0.0, 0.0, 0.0, 0.0, 0.0, 1.0, 1.0, 62.0, 62.0, 0.0, 0.0, 0, 0, 8.0, 2.0, 10.0, 8, 2, 10, 0.0, 0.0]], False]
[[12429.0, 2, 2, 0, 1, 12, 0, 0, 3, 3, 0, 0, 0.0], [], False]
[[8966.0, 0, 1, 0, 2, 17, 0, 0, 2, 2, 0, 0, 0.0], [], False]
[[909097.0, 1, 15, 0, 4, 140, 0, 0, 0, 1, 0, 0, 0.0], [[2, 3, 872907.0, 290969.0, 0, 0.0, 0.0, 3.0, 1.0, 16.0, 5.333333333333333, 0.0, 0.0, 6.0, 2.0, 133.0, 44.33333333333334, 0.0, 0.0, 0, 0, 13.333333333333336, 14.666666666666664, 28.0, 40, 44, 84, 0.02631578947368421, 0.0]], False]
[[3701572.0, 0, 5, 0, 2, 9, 0, 0, 0, 1, 0, 0, 0.0], [[1, 1, 1485994.0, 1485994.0, 0, 0.0, 0.0, 2.0, 2.0, 7.0, 7.0, 0.0, 0.0, 1.0, 1.0, 29.0, 29.0, 0.0, 0.0, 0, 0, 19.0, 10.0, 29.0, 19, 10, 29, 0.011627906976744186, 0.0]], False]
[[558211.0, 2, 4, 0, 1, 10, 0, 0, 1, 2, 0, 0, 0.0], [[2, 2, 268564.0, 134282.0, 0, 0.0, 0.0, 1.0, 0.5, 15.0, 7.5, 0.0, 0.0, 4.0, 2.0, 55.0, 27.5, 0.0, 0.0, 0, 0, 1.0, 0.0, 1.0, 2, 0, 2, 0.0, 0.0]], False]
[[165731.0, 0, 5, 0, 1, 11, 0, 0, 2, 2, 0, 0, 0.0], [], False]
[[36310.0, 6, 3, 0, 3, 9, 0, 0, 1, 3, 0, 0, 0.0], [[2, 2, 6011876.0, 3005938.0, 0, 0.0, 0.0, 0.0, 0.0, 10.0, 5.0, 0.0, 0.0, 2.0, 1.0, 1285.0, 642.5, 0.0, 0.0, 0, 0, 2.0, 315.0, 317.0, 4, 630, 634, 0.0, 0.0], [1, 1, 6034.0, 6034.0, 0, 0.0, 0.0, 0.0, 0.0, 0.0, 0.0, 0.0, 0.0, 1.0, 1.0, 2.0, 2.0, 0.0, 0.0, 0, 0, 1.0, 1.0, 2.0, 1, 1, 2, 0.0, 0.0]], False]
[[579314.0, 1, 1, 0, 2, 83, 0, 0, 0, 4, 0, 0, 0.0], [[1, 1, 143973.0, 143973.0, 0, 0.0, 0.0, 0.0, 0.0, 1.0, 1.0, 0.0, 0.0, 1.0, 1.0, 33.0, 33.0, 0.0, 0.0, 0, 0, 8.0, 3.0, 11.0, 8, 3, 11, 0.0, 0.0], [8, 12, 10546780.0, 878898.3333333335, 0, 0.0, 0.0, 9.0, 0.75, 44.0, 3.6666666666666665, 0.0, 0.0, 13.0, 1.0833333333333333, 1926.0, 160.5, 0.0, 0.0, 0, 0, 33.583333333333336, 9.916666666666666, 43.5, 403, 119, 522, 0.08490566037735849, 0.0], [1, 1, 703.0, 703.0, 0, 0.0, 0.0, 0.0, 0.0, 0.0, 0.0, 0.0, 0.0, 1.0, 1.0, 6.0, 6.0, 0.0, 0.0, 0, 0, 6.0, 0.0, 6.0, 6, 0, 6, 0.0, 0.0], [5, 7, 4783084.0, 683297.7142857143, 0, 0.0, 0.0, 11.0, 1.5714285714285714, 45.0, 6.428571428571429, 0.0, 0.0, 8.0, 1.1428571428571428, 601.0, 85.85714285714286, 0.0, 0.0, 0, 0, 10.285714285714286, 8.142857142857142, 18.428571428571427, 72, 57, 129, 0.009433962264150943, 0.0]], False]
[[3540976.0, 0, 5, 0, 1, 9, 0, 0, 0, 1, 0, 0, 0.0], [[1, 1, 1286.0, 1286.0, 0, 0.0, 0.0, 0.0, 0.0, 0.0, 0.0, 0.0, 0.0, 1.0, 1.0, 6.0, 6.0, 0.0, 0.0, 0, 0, 3.0, 3.0, 6.0, 3, 3, 6, 0.0, 0.0]], False]
[[4998.0, 0, 1, 0, 1, 8, 0, 0, 1, 1, 0, 0, 0.0], [], False]
[[609.0, 0, 0, 0, 1, 2, 0, 0, 0, 1, 0, 0, 0.0], [[6, 10, 9062162.0, 906216.2, 0, 0.0, 0.0, 9.0, 0.9, 24.0, 2.4, 0.0, 0.0, 10.0, 1.0, 1733.0, 173.3, 0.0, 0.0, 0, 0, 28.4, 8.1, 36.5, 284, 81, 365, 0.08737864077669902, 0.0]], False]
[[206847.0, 0, 7, 0, 1, 27, 0, 0, 1, 1, 0, 0, 0.0], [], False]
[[1484009.0, 0, 20, 0, 2, 191, 0, 0, 0, 2, 0, 0, 0.0], [[7, 11, 9062771.0, 823888.2727272727, 0, 0.0, 0.0, 9.0, 0.8181818181818182, 24.0, 2.1818181818181817, 0.0, 0.0, 11.0, 1.0, 1735.0, 157.72727272727272, 0.0, 0.0, 0, 0, 25.90909090909091, 7.454545454545454, 33.36363636363637, 285, 82, 367, 0.08571428571428573, 0.0], [4, 6, 3299075.0, 549845.8333333335, 0, 0.0, 0.0, 11.0, 1.8333333333333333, 25.0, 4.166666666666667, 0.0, 0.0, 6.0, 1.0, 410.0, 68.33333333333333, 0.0, 0.0, 0, 0, 8.166666666666666, 7.333333333333332, 15.5, 49, 44, 93, 0.009523809523809523, 0.0]], False]
[[189137.0, 4, 0, 0, 1, 40, 0, 0, 6, 6, 0, 0, 0.0], [], False]
[[19554969.0, 0, 11, 0, 1, 37, 0, 0, 0, 5, 0, 0, 0.0], [[3, 3, 2030479.0, 676826.3333333335, 0, 0.0, 0.0, 3.0, 1.0, 5.0, 1.6666666666666667, 0.0, 0.0, 3.0, 1.0, 158.0, 52.66666666666666, 0.0, 0.0, 0, 0, 29.0, 12.0, 41.0, 87, 36, 123, 0.0, 0.0], [10, 13, 25296661.0, 1945897.0, 0, 0.0, 0.0, 33.0, 2.5384615384615383, 28.0, 2.1538461538461537, 0.0, 0.0, 21.0, 1.6153846153846154, 398.0, 30.615384615384613, 0.0, 0.0, 0, 0, 8.538461538461537, 1.9230769230769231, 10.461538461538463, 111, 25, 136, 0.12258064516129033, 0.0], [2, 3, 926226.0, 308742.0, 0, 0.0, 0.0, 0.0, 0.0, 10.0, 3.333333333333333, 0.0, 0.0, 8.0, 2.6666666666666665, 301.0, 100.33333333333331, 0.0, 0.0, 0, 0, 26.5, 11.5, 38.0, 53, 23, 76, 0.0, 0.0], [2, 2, 771994.0, 385997.0, 0, 0.0, 0.0, 0.0, 0.0, 11.0, 5.5, 0.0, 0.0, 7.0, 3.5, 156.0, 78.0, 0.0, 0.0, 0, 0, 18.0, 0.0, 18.0, 18, 0, 18, 0.0, 0.0], [3, 3, 761621.0, 253873.66666666663, 0, 0.0, 0.0, 5.0, 1.6666666666666667, 10.0, 3.333333333333333, 0.0, 0.0, 7.0, 2.333333333333333, 268.0, 89.33333333333331, 0.0, 0.0, 0, 0, 33.666666666666664, 1.0, 34.666666666666664, 101, 3, 104, 0.0, 0.0]], False]
[[131550.0, 1, 7, 0, 1, 9, 0, 0, 1, 3, 0, 0, 0.0], [[1, 1, 137014.0, 137014.0, 0, 0.0, 0.0, 0.0, 0.0, 8.0, 8.0, 0.0, 0.0, 3.0, 3.0, 46.0, 46.0, 0.0, 0.0, 0, 0, 1.0, 0.0, 1.0, 1, 0, 1, 0.0, 0.0], [2, 3, 1543508.0, 514502.66666666674, 0, 0.0, 0.0, 5.0, 1.6666666666666667, 11.0, 3.6666666666666665, 0.0, 0.0, 3.0, 1.0, 113.0, 37.66666666666666, 0.0, 0.0, 0, 0, 19.0, 0.0, 19.0, 57, 0, 57, 0.0, 0.0]], False]
[[1636568.0, 7, 9, 0, 1, 134, 0, 0, 2, 2, 0, 0, 0.0], [], True]
[[505.0, 0, 3, 0, 1, 4, 0, 0, 1, 1, 0, 0, 0.0], [], False]
[[197.0, 0, 0, 0, 1, 2, 0, 0, 1, 1, 0, 0, 0.0], [], False]
[[17514.0, 0, 2, 0, 1, 4, 0, 0, 0, 1, 0, 0, 0.0], [[4, 8, 7660905.0, 957613.125, 0, 0.0, 0, 9.0, 1.125, 20.0, 2.5, 0.0, 0.0, 8.0, 1.0, 1703.0, 212.875, 0.0, 0.0, 0, 0, 34.25, 9.125, 43.375, 274, 73, 347, 0.0989010989010989, 0.0]], False]
[[61269.0, 0, 0, 0, 1, 6, 0, 0, 0, 2, 0, 0, 0.0], [[3, 7, 7599636.0, 1085662.2857142857, 0, 0.0, 0, 9.0, 1.2857142857142858, 20.0, 2.8571428571428568, 0.0, 0.0, 7.0, 1.0, 1697.0, 242.42857142857144, 0.0, 0.0, 0, 0, 39.0, 10.285714285714286, 49.28571428571429, 273, 72, 345, 0.0989010989010989, 0.0], [2, 4, 1854063.0, 463515.75, 0, 0.0, 0, 11.0, 2.75, 23.0, 5.75, 0.0, 0.0, 4.0, 1.0, 378.0, 94.5, 0.0, 0.0, 0, 0, 9.75, 9.5, 19.25, 39, 38, 77, 0.01098901098901099, 0.0]], False]
[[2753446.0, 2, 13, 0, 1, 4, 0, 0, 1, 1, 0, 0, 0.0], [], False]
[[1423957.0, 4, 5, 0, 1, 23, 0, 0, 2, 2, 0, 0, 0.0], [], False]
[[1430718.0, 5, 7, 0, 1, 52, 0, 0, 0, 2, 0, 0, 0.0], [[1, 1, 112138.0, 112138.0, 0, 0.0, 0, 0.0, 0.0, 3.0, 3.0, 0.0, 0.0, 1.0, 1.0, 32.0, 32.0, 0.0, 0.0, 0, 0, 2.0, 0.0, 2.0, 2, 0, 2, 0.0, 0.0], [2, 2, 112790.0, 56395.0, 0, 0.0, 0, 0.0, 0.0, 4.0, 2.0, 0.0, 0.0, 2.0, 1.0, 61.0, 30.5, 0.0, 0.0, 0, 0, 12.5, 0.0, 12.5, 25, 0, 25, 0.0, 0.0]], False]
[[1383743.0, 0, 2, 0, 1, 26, 0, 0, 0, 2, 0, 0, 0.0], [[5, 9, 7678419.0, 853157.6666666665, 0, 0.0, 0, 9.0, 1.0, 22.0, 2.4444444444444446, 0.0, 0.0, 9.0, 1.0, 1707.0, 189.66666666666663, 0.0, 0.0, 0, 0, 30.66666666666667, 8.333333333333334, 39.0, 276, 75, 351, 0.0989010989010989, 0.0], [3, 5, 1915332.0, 383066.4, 0, 0.0, 0, 11.0, 2.2, 23.0, 4.6, 0.0, 0.0, 5.0, 1.0, 384.0, 76.8, 0.0, 0.0, 0, 0, 8.2, 8.0, 16.2, 41, 40, 81, 0.01098901098901099, 0.0]], False]
[[181795.0, 7, 3, 0, 3, 226, 0, 0, 3, 3, 0, 0, 0.0], [], False]
[[112138.0, 0, 3, 0, 1, 32, 0, 0, 1, 3, 0, 0, 0.0], [[1, 1, 652.0, 652.0, 0, 0.0, 0, 0.0, 0.0, 1.0, 1.0, 0.0, 0.0, 1.0, 1.0, 29.0, 29.0, 0.0, 0.0, 0, 0, 11.0, 1.0, 12.0, 11, 1, 12, 0.0, 0.0], [1, 1, 652.0, 652.0, 0, 0.0, 0, 0.0, 0.0, 1.0, 1.0, 0.0, 0.0, 1.0, 1.0, 29.0, 29.0, 0.0, 0.0, 0, 0, 6.0, 0.0, 6.0, 6, 0, 6, 0.0, 0.0]], False]
[[14175470.0, 6, 0, 0, 1, 7, 0, 0, 0, 1, 0, 0, 0.0], [[10, 11, 10959654.0, 996332.1818181819, 0, 0.0, 0.0, 12.0, 1.0909090909090908, 39.0, 3.5454545454545454, 0.0, 0.0, 16.0, 1.4545454545454546, 1655.0, 150.45454545454547, 0.0, 0.0, 0, 0, 16.454545454545453, 5.090909090909091, 21.545454545454547, 181, 56, 237, 0.054421768707482984, 0.0]], False]
[[152329.0, 0, 2, 0, 1, 8, 0, 0, 0, 1, 0, 0, 0.0], [[3, 4, 756800.0, 189200.0, 0, 0.0, 0, 11.0, 2.75, 9.0, 2.25, 0.0, 0.0, 4.0, 1.0, 6119.0, 1529.75, 0.0, 0.0, 0, 0, 154.75, 5.5, 160.25, 619, 22, 641, 0.0, 0.0]], False]
[[553689.0, 0, 7, 0, 1, 60, 0, 0, 4, 5, 0, 0, 0.0], [[1, 2, 319218.0, 159609.0, 0, 0.0, 0, 3.0, 1.5, 9.0, 4.5, 0.0, 0.0, 5.0, 2.5, 73.0, 36.5, 0.0, 0.0, 0, 0, 16.0, 20.0, 36.0, 32, 40, 72, 0.037037037037037035, 0.0]], False]
[[27174.0, 0, 1, 0, 1, 6, 0, 0, 1, 1, 0, 0, 0.0], [], False]
[[509786.0, 0, 3, 0, 1, 2, 0, 0, 1, 1, 0, 0, 0.0], [], False]
[[6034.0, 0, 0, 0, 1, 2, 0, 0, 1, 1, 0, 0, 0.0], [], False]
[[1083.0, 0, 0, 0, 1, 4, 0, 0, 1, 1, 0, 0, 0.0], [], False]
[[369359.0, 2, 2, 0, 1, 138, 0, 0, 9, 10, 0, 0, 0.0], [[2, 3, 1484704.0, 494901.33333333326, 0, 0.0, 0, 9.0, 3.0, 21.0, 7.0, 0.0, 0.0, 3.0, 1.0, 240.0, 80.0, 0.0, 0.0, 0, 0, 10.666666666666666, 0.0, 10.666666666666666, 32, 0, 32, 0.015384615384615384, 0.0]], False]
[[6818.0, 0, 0, 0, 1, 17, 0, 0, 1, 1, 0, 0, 0.0], [], False]
[[443512.0, 0, 3, 0, 2, 76, 0, 0, 2, 2, 0, 0, 0.0], [], False]
[[703.0, 0, 0, 0, 1, 6, 0, 0, 1, 1, 0, 0, 0.0], [], False]
[[32381.0, 0, 3, 0, 1, 10, 0, 0, 1, 1, 0, 0, 0.0], [], False]
[[1485994.0, 2, 7, 0, 1, 29, 0, 0, 1, 1, 0, 0, 0.0], [], False]
[[713710.0, 1, 2, 0, 1, 36, 0, 0, 0, 2, 0, 0, 0.0], [[3, 5, 901224.0, 180244.8, 0, 0.0, 0, 8.0, 1.6, 9.0, 1.8, 0.0, 0.0, 5.0, 1.0, 382.0, 76.4, 0.0, 0.0, 0, 0, 51.2, 14.4, 65.6, 256, 72, 328, 0.125, 0.0], [1, 1, 12182.0, 12182.0, 0, 0.0, 0, 0.0, 0.0, 0.0, 0.0, 0.0, 0.0, 1.0, 1.0, 21.0, 21.0, 0.0, 0.0, 0, 0, 3.0, 0.0, 3.0, 3, 0, 3, 0.0, 0.0]], False]
[[143973.0, 0, 1, 0, 1, 33, 0, 0, 1, 2, 0, 0, 0.0], [[3, 3, 334228.0, 111409.33333333331, 0, 0.0, 0, 8.0, 2.6666666666666665, 5.0, 1.6666666666666667, 0.0, 0.0, 3.0, 1.0, 271.0, 90.33333333333331, 0.0, 0.0, 0, 0, 60.66666666666666, 15.333333333333336, 76.0, 182, 46, 228, 0.14545454545454545, 0.0]], False]
[[311004.0, 0, 0, 0, 1, 62, 0, 0, 2, 2, 0, 0, 0.0], [], False]
[[423023.0, 0, 3, 0, 1, 78, 0, 0, 0, 1, 0, 0, 0.0], [[3, 4, 478201.0, 119550.25, 0, 0.0, 0, 8.0, 2.0, 6.0, 1.5, 0.0, 0.0, 4.0, 1.0, 304.0, 76.0, 0.0, 0.0, 0, 0, 51.0, 11.5, 62.5, 204, 46, 250, 0.13559322033898305, 0.0]], False]
[[412428.0, 0, 2, 0, 1, 48, 0, 0, 2, 2, 0, 0, 0.0], [], False]
[[420626.0, 0, 5, 0, 1, 18, 0, 0, 2, 2, 0, 0, 0.0], [], False]
[[212546.0, 0, 4, 0, 1, 1, 0, 0, 1, 1, 0, 0, 0.0], [], False]
[[261138.0, 0, 3, 0, 1, 57, 0, 0, 0, 1, 0, 0, 0.0], [[2, 2, 73090.0, 36545.0, 0, 0.0, 0, 8.0, 4.0, 2.0, 1.0, 0.0, 0.0, 2.0, 1.0, 214.0, 107.0, 0.0, 0.0, 0, 0, 65.5, 20.0, 85.5, 131, 40, 171, 0.14814814814814814, 0.0]], False]
[[182204.0, 3, 1, 0, 2, 27, 0, 0, 0, 1, 0, 0, 0.0], [[1, 1, 137014.0, 137014.0, 0, 0.0, 0, 0.0, 0.0, 8.0, 8.0, 0.0, 0.0, 3.0, 3.0, 46.0, 46.0, 0.0, 0.0, 0, 0, 24.0, 21.0, 45.0, 24, 21, 45, 0.0, 0.0]], False]
[[1411614.0, 1, 19, 0, 1, 26, 0, 0, 2, 3, 0, 0, 0.0], [[2, 2, 73090.0, 36545.0, 0, 0.0, 0, 8.0, 4.0, 2.0, 1.0, 0.0, 0.0, 2.0, 1.0, 214.0, 107.0, 0.0, 0.0, 0, 0, 10.0, 0.0, 10.0, 20, 0, 20, 0.0, 0.0]], False]
[[147135.0, 4, 2, 0, 1, 105, 0, 0, 4, 5, 0, 0, 0.0], [[1, 1, 693500.0, 693500.0, 0, 0.0, 0, 0.0, 0.0, 4.0, 4.0, 0.0, 0.0, 1.0, 1.0, 238.0, 238.0, 0.0, 0.0, 0, 0, 5.0, 0.0, 5.0, 5, 0, 5, 0.0, 0.0]], False]
[[43379.0, 0, 1, 0, 1, 20, 0, 0, 1, 1, 0, 0, 0.0], [], False]
[[5217235.0, 0, 2, 0, 1, 2, 0, 0, 1, 1, 0, 0, 0.0], [], False]
[[652.0, 0, 1, 0, 1, 29, 0, 0, 3, 3, 0, 0, 0.0], [], False]
[[137014.0, 0, 8, 0, 3, 46, 0, 0, 2, 2, 0, 0, 0.0], [], False]
[[157127.0, 0, 3, 0, 1, 2, 0, 0, 1, 1, 0, 0, 0.0], [], False]
[[12182.0, 0, 0, 0, 1, 21, 0, 0, 3, 3, 0, 0, 0.0], [], False]
[[60908.0, 8, 2, 0, 1, 193, 0, 0, 2, 3, 0, 0, 0.0], [[2, 2, 4303.0, 2151.5, 0, 0.0, 0, 0.0, 0.0, 3.0, 1.5, 0.0, 0.0, 2.0, 1.0, 889.0, 444.5, 0.0, 0.0, 0, 0, 285.0, 8.5, 293.5, 570, 17, 587, 0.0, 0.0]], False]
[[691589.0, 3, 4, 0, 1, 5037, 0, 0, 28, 29, 0, 0, 0.0], [[3, 3, 65211.0, 21737.0, 0, 0.0, 0, 8.0, 2.6666666666666665, 5.0, 1.6666666666666667, 0.0, 0.0, 3.0, 1.0, 1082.0, 360.66666666666674, 0.0, 0.0, 0, 0, 195.0, 7.333333333333332, 202.33333333333331, 585, 22, 607, 0.0, 0.0]], False]
[[5984702.0, 0, 9, 0, 1, 1279, 0, 0, 1, 3, 0, 0, 0.0], [[1, 1, 27174.0, 27174.0, 0, 0.0, 0, 0.0, 0.0, 1.0, 1.0, 0.0, 0.0, 1.0, 1.0, 6.0, 6.0, 0.0, 0.0, 0, 0, 4.0, 2.0, 6.0, 4, 2, 6, 0.0, 0.0], [3, 6, 1614934.0, 269155.66666666674, 0, 0.0, 0, 9.0, 1.5, 11.0, 1.8333333333333333, 0.0, 0.0, 6.0, 1.0, 418.0, 69.66666666666667, 0.0, 0.0, 0, 0, 45.33333333333334, 12.0, 57.33333333333334, 272, 72, 344, 0.10112359550561796, 0.0]], False]
[[693500.0, 0, 4, 0, 1, 238, 0, 0, 9, 9, 0, 0, 0.0], [], False]
[[178.0, 0, 1, 0, 1, 47, 0, 0, 0, 1, 0, 0, 0.0], [[1, 1, 4125.0, 4125.0, 0, 0.0, 0, 0.0, 0.0, 2.0, 2.0, 0.0, 0.0, 1.0, 1.0, 842.0, 842.0, 0.0, 0.0, 0, 0, 540.0, 0.0, 540.0, 540, 0, 540, 0.0, 0.0]], False]
